date,reservoir,flow
2011-01-01,Squaw Creek Reservoir,0.0057
2011-01-02,Squaw Creek Reservoir,0.0061
2011-01-03,Squaw Creek Reservoir,0.0057
2011-01-04,Squaw Creek Reservoir,0.0057
2011-01-05,Squaw Creek Reservoir,0.0055
2011-01-06,Squaw Creek Reservoir,0.0055
2011-01-07,Squaw Creek Reservoir,0.0055
2011-01-08,Squaw Creek Reservoir,0.0055
2011-01-09,Squaw Creek Reservoir,0.0056
2011-01-10,Squaw Creek Reservoir,0.0055
2011-01-11,Squaw Creek Reservoir,0.0056
2011-01-12,Squaw Creek Reservoir,0.0055
2011-01-13,Squaw Creek Reservoir,0.0097
2011-01-14,Squaw Creek Reservoir,0.0055
2011-01-15,Squaw Creek Reservoir,0.0055
2011-01-16,Squaw Creek Reservoir,0.0055
2011-01-17,Squaw Creek Reservoir,0.0054
2011-01-18,Squaw Creek Reservoir,0.0126
2011-01-19,Squaw Creek Reservoir,0.0055
2011-01-20,Squaw Creek Reservoir,0.0083
2011-01-21,Squaw Creek Reservoir,0.0434
2011-01-22,Squaw Creek Reservoir,0.0083
2011-01-23,Squaw Creek Reservoir,0.0195
2011-01-24,Squaw Creek Reservoir,0.0126
2011-01-25,Squaw Creek Reservoir,0.0056
2011-01-26,Squaw Creek Reservoir,0.0054
2011-01-27,Squaw Creek Reservoir,0.0053
2011-01-28,Squaw Creek Reservoir,0.0053
2011-01-29,Squaw Creek Reservoir,0.0053
2011-01-30,Squaw Creek Reservoir,0.0053
2011-01-31,Squaw Creek Reservoir,0.0052
2011-02-01,Squaw Creek Reservoir,0.0158
2011-02-02,Squaw Creek Reservoir,0.0052
2011-02-03,Squaw Creek Reservoir,0.0258
2011-02-04,Squaw Creek Reservoir,0.0109
2011-02-05,Squaw Creek Reservoir,0.0054
2011-02-06,Squaw Creek Reservoir,0.0051
2011-02-07,Squaw Creek Reservoir,0.0054
2011-02-08,Squaw Creek Reservoir,0.0066
2011-02-09,Squaw Creek Reservoir,0.0053
2011-02-10,Squaw Creek Reservoir,0.005
2011-02-11,Squaw Creek Reservoir,0.005
2011-02-12,Squaw Creek Reservoir,0.005
2011-02-13,Squaw Creek Reservoir,0.0051
2011-02-14,Squaw Creek Reservoir,0.0068
2011-02-15,Squaw Creek Reservoir,0.0272
2011-02-16,Squaw Creek Reservoir,0.3004
2011-02-17,Squaw Creek Reservoir,0.0646
2011-02-18,Squaw Creek Reservoir,0.0061
2011-02-19,Squaw Creek Reservoir,0.0079
2011-02-20,Squaw Creek Reservoir,0.0148
2011-02-21,Squaw Creek Reservoir,0.0148
2011-02-22,Squaw Creek Reservoir,0.0153
2011-02-23,Squaw Creek Reservoir,0.0178
2011-02-24,Squaw Creek Reservoir,0.0172
2011-02-25,Squaw Creek Reservoir,0.0157
2011-02-26,Squaw Creek Reservoir,0.0244
2011-02-27,Squaw Creek Reservoir,0.0134
2011-02-28,Squaw Creek Reservoir,0.0127
2011-03-01,Squaw Creek Reservoir,0.012
2011-03-02,Squaw Creek Reservoir,0.0114
2011-03-03,Squaw Creek Reservoir,0.0108
2011-03-04,Squaw Creek Reservoir,0.017
2011-03-05,Squaw Creek Reservoir,0.1513
2011-03-06,Squaw Creek Reservoir,0.0102
2011-03-07,Squaw Creek Reservoir,0.0105
2011-03-08,Squaw Creek Reservoir,0.0102
2011-03-09,Squaw Creek Reservoir,0.0098
2011-03-10,Squaw Creek Reservoir,0.014
2011-03-11,Squaw Creek Reservoir,0.1529
2011-03-12,Squaw Creek Reservoir,0.0133
2011-03-13,Squaw Creek Reservoir,0.0725
2011-03-14,Squaw Creek Reservoir,0.0364
2011-03-15,Squaw Creek Reservoir,0.0185
2011-03-16,Squaw Creek Reservoir,0.0175
2011-03-17,Squaw Creek Reservoir,0.0166
2011-03-18,Squaw Creek Reservoir,0.0152
2011-03-19,Squaw Creek Reservoir,0.0142
2011-03-20,Squaw Creek Reservoir,0.0134
2011-03-21,Squaw Creek Reservoir,0.0126
2011-03-22,Squaw Creek Reservoir,0.012
2011-03-23,Squaw Creek Reservoir,0.0114
2011-03-24,Squaw Creek Reservoir,0.0109
2011-03-25,Squaw Creek Reservoir,0.0104
2011-03-26,Squaw Creek Reservoir,0.0102
2011-03-27,Squaw Creek Reservoir,0.0292
2011-03-28,Squaw Creek Reservoir,0.0092
2011-03-29,Squaw Creek Reservoir,0.04
2011-03-30,Squaw Creek Reservoir,0.4228
2011-03-31,Squaw Creek Reservoir,0.0495
2011-04-01,Squaw Creek Reservoir,0.0458
2011-04-02,Squaw Creek Reservoir,0.0898
2011-04-03,Squaw Creek Reservoir,0.0492
2011-04-04,Squaw Creek Reservoir,0.028
2011-04-05,Squaw Creek Reservoir,0.0249
2011-04-06,Squaw Creek Reservoir,0.0241
2011-04-07,Squaw Creek Reservoir,0.0607
2011-04-08,Squaw Creek Reservoir,0.019
2011-04-09,Squaw Creek Reservoir,0.0177
2011-04-10,Squaw Creek Reservoir,0.0166
2011-04-11,Squaw Creek Reservoir,0.0157
2011-04-12,Squaw Creek Reservoir,0.0149
2011-04-13,Squaw Creek Reservoir,0.0142
2011-04-14,Squaw Creek Reservoir,0.0139
2011-04-15,Squaw Creek Reservoir,0.013
2011-04-16,Squaw Creek Reservoir,0.0124
2011-04-17,Squaw Creek Reservoir,0.012
2011-04-18,Squaw Creek Reservoir,0.0116
2011-04-19,Squaw Creek Reservoir,0.0124
2011-04-20,Squaw Creek Reservoir,0.0115
2011-04-21,Squaw Creek Reservoir,0.0114
2011-04-22,Squaw Creek Reservoir,0.0125
2011-04-23,Squaw Creek Reservoir,0.0113
2011-04-24,Squaw Creek Reservoir,0.0109
2011-04-25,Squaw Creek Reservoir,0.0105
2011-04-26,Squaw Creek Reservoir,0.0102
2011-04-27,Squaw Creek Reservoir,0.0098
2011-04-28,Squaw Creek Reservoir,0.0094
2011-04-29,Squaw Creek Reservoir,0.0091
2011-04-30,Squaw Creek Reservoir,0.0088
2011-05-01,Squaw Creek Reservoir,0.0086
2011-05-02,Squaw Creek Reservoir,0.0083
2011-05-03,Squaw Creek Reservoir,0.0084
2011-05-04,Squaw Creek Reservoir,0.0083
2011-05-05,Squaw Creek Reservoir,0.008
2011-05-06,Squaw Creek Reservoir,0.0077
2011-05-07,Squaw Creek Reservoir,0.0076
2011-05-08,Squaw Creek Reservoir,0.0076
2011-05-09,Squaw Creek Reservoir,0.0081
2011-05-10,Squaw Creek Reservoir,0.0082
2011-05-11,Squaw Creek Reservoir,0.0091
2011-05-12,Squaw Creek Reservoir,0.009
2011-05-13,Squaw Creek Reservoir,0.0072
2011-05-14,Squaw Creek Reservoir,0.0072
2011-05-15,Squaw Creek Reservoir,0.0072
2011-05-16,Squaw Creek Reservoir,0.0364
2011-05-17,Squaw Creek Reservoir,0.0071
2011-05-18,Squaw Creek Reservoir,0.0071
2011-05-19,Squaw Creek Reservoir,0.0071
2011-05-20,Squaw Creek Reservoir,0.1089
2011-05-21,Squaw Creek Reservoir,0.0739
2011-05-22,Squaw Creek Reservoir,0.007
2011-05-23,Squaw Creek Reservoir,0.007
2011-05-24,Squaw Creek Reservoir,0.0072
2011-05-25,Squaw Creek Reservoir,0.0074
2011-05-26,Squaw Creek Reservoir,0.0075
2011-05-27,Squaw Creek Reservoir,0.0073
2011-05-28,Squaw Creek Reservoir,0.0072
2011-05-29,Squaw Creek Reservoir,0.0074
2011-05-30,Squaw Creek Reservoir,0.0071
2011-05-31,Squaw Creek Reservoir,0.0071
2011-06-01,Squaw Creek Reservoir,0.0075
2011-06-02,Squaw Creek Reservoir,0.687
2011-06-03,Squaw Creek Reservoir,1.2245
2011-06-04,Squaw Creek Reservoir,0.5154
2011-06-05,Squaw Creek Reservoir,0.2858
2011-06-06,Squaw Creek Reservoir,0.1894
2011-06-07,Squaw Creek Reservoir,0.1368
2011-06-08,Squaw Creek Reservoir,0.1044
2011-06-09,Squaw Creek Reservoir,0.0833
2011-06-10,Squaw Creek Reservoir,0.1385
2011-06-11,Squaw Creek Reservoir,0.065
2011-06-12,Squaw Creek Reservoir,0.0588
2011-06-13,Squaw Creek Reservoir,0.0488
2011-06-14,Squaw Creek Reservoir,0.0436
2011-06-15,Squaw Creek Reservoir,0.0386
2011-06-16,Squaw Creek Reservoir,0.0345
2011-06-17,Squaw Creek Reservoir,0.0312
2011-06-18,Squaw Creek Reservoir,0.0285
2011-06-19,Squaw Creek Reservoir,0.0263
2011-06-20,Squaw Creek Reservoir,0.0245
2011-06-21,Squaw Creek Reservoir,0.023
2011-06-22,Squaw Creek Reservoir,0.0218
2011-06-23,Squaw Creek Reservoir,0.0208
2011-06-24,Squaw Creek Reservoir,0.0199
2011-06-25,Squaw Creek Reservoir,0.0256
2011-06-26,Squaw Creek Reservoir,0.0193
2011-06-27,Squaw Creek Reservoir,0.0181
2011-06-28,Squaw Creek Reservoir,0.0177
2011-06-29,Squaw Creek Reservoir,0.0173
2011-06-30,Squaw Creek Reservoir,0.017
2011-07-01,Squaw Creek Reservoir,0.0166
2011-07-02,Squaw Creek Reservoir,0.0163
2011-07-03,Squaw Creek Reservoir,0.016
2011-07-04,Squaw Creek Reservoir,0.0157
2011-07-05,Squaw Creek Reservoir,0.0154
2011-07-06,Squaw Creek Reservoir,0.0153
2011-07-07,Squaw Creek Reservoir,0.015
2011-07-08,Squaw Creek Reservoir,0.0147
2011-07-09,Squaw Creek Reservoir,0.0145
2011-07-10,Squaw Creek Reservoir,0.0145
2011-07-11,Squaw Creek Reservoir,0.0143
2011-07-12,Squaw Creek Reservoir,0.014
2011-07-13,Squaw Creek Reservoir,0.0138
2011-07-14,Squaw Creek Reservoir,0.0137
2011-07-15,Squaw Creek Reservoir,0.0136
2011-07-16,Squaw Creek Reservoir,0.0134
2011-07-17,Squaw Creek Reservoir,0.0133
2011-07-18,Squaw Creek Reservoir,0.0132
2011-07-19,Squaw Creek Reservoir,0.013
2011-07-20,Squaw Creek Reservoir,0.0129
2011-07-21,Squaw Creek Reservoir,0.0128
2011-07-22,Squaw Creek Reservoir,0.0127
2011-07-23,Squaw Creek Reservoir,0.0126
2011-07-24,Squaw Creek Reservoir,0.0126
2011-07-25,Squaw Creek Reservoir,0.0125
2011-07-26,Squaw Creek Reservoir,0.0124
2011-07-27,Squaw Creek Reservoir,0.0123
2011-07-28,Squaw Creek Reservoir,0.0123
2011-07-29,Squaw Creek Reservoir,0.0126
2011-07-30,Squaw Creek Reservoir,0.0446
2011-07-31,Squaw Creek Reservoir,0.0128
2011-08-01,Squaw Creek Reservoir,0.0174
2011-08-02,Squaw Creek Reservoir,0.0249
2011-08-03,Squaw Creek Reservoir,0.0123
2011-08-04,Squaw Creek Reservoir,0.0125
2011-08-05,Squaw Creek Reservoir,0.0117
2011-08-06,Squaw Creek Reservoir,0.0134
2011-08-07,Squaw Creek Reservoir,0.0156
2011-08-08,Squaw Creek Reservoir,0.0115
2011-08-09,Squaw Creek Reservoir,0.0114
2011-08-10,Squaw Creek Reservoir,0.0112
2011-08-11,Squaw Creek Reservoir,0.0112
2011-08-12,Squaw Creek Reservoir,0.0114
2011-08-13,Squaw Creek Reservoir,0.0119
2011-08-14,Squaw Creek Reservoir,0.0128
2011-08-15,Squaw Creek Reservoir,0.0112
2011-08-16,Squaw Creek Reservoir,0.0108
2011-08-17,Squaw Creek Reservoir,0.0107
2011-08-18,Squaw Creek Reservoir,0.0106
2011-08-19,Squaw Creek Reservoir,0.0106
2011-08-20,Squaw Creek Reservoir,0.0105
2011-08-21,Squaw Creek Reservoir,0.0114
2011-08-22,Squaw Creek Reservoir,0.0103
2011-08-23,Squaw Creek Reservoir,0.0103
2011-08-24,Squaw Creek Reservoir,0.0104
2011-08-25,Squaw Creek Reservoir,0.0102
2011-08-26,Squaw Creek Reservoir,0.01
2011-08-27,Squaw Creek Reservoir,0.01
2011-08-28,Squaw Creek Reservoir,0.0099
2011-08-29,Squaw Creek Reservoir,0.0098
2011-08-30,Squaw Creek Reservoir,0.0098
2011-08-31,Squaw Creek Reservoir,0.0098
2011-09-01,Squaw Creek Reservoir,0.0098
2011-09-02,Squaw Creek Reservoir,0.0096
2011-09-03,Squaw Creek Reservoir,0.0095
2011-09-04,Squaw Creek Reservoir,0.0094
2011-09-05,Squaw Creek Reservoir,0.0094
2011-09-06,Squaw Creek Reservoir,0.0093
2011-09-07,Squaw Creek Reservoir,0.0093
2011-09-08,Squaw Creek Reservoir,0.0194
2011-09-09,Squaw Creek Reservoir,0.0125
2011-09-10,Squaw Creek Reservoir,0.2644
2011-09-11,Squaw Creek Reservoir,0.0103
2011-09-12,Squaw Creek Reservoir,0.0266
2011-09-13,Squaw Creek Reservoir,0.0217
2011-09-14,Squaw Creek Reservoir,0.0206
2011-09-15,Squaw Creek Reservoir,0.0187
2011-09-16,Squaw Creek Reservoir,0.0172
2011-09-17,Squaw Creek Reservoir,0.0161
2011-09-18,Squaw Creek Reservoir,0.0152
2011-09-19,Squaw Creek Reservoir,0.0144
2011-09-20,Squaw Creek Reservoir,0.0138
2011-09-21,Squaw Creek Reservoir,0.0133
2011-09-22,Squaw Creek Reservoir,0.0128
2011-09-23,Squaw Creek Reservoir,0.0124
2011-09-24,Squaw Creek Reservoir,0.0121
2011-09-25,Squaw Creek Reservoir,0.0121
2011-09-26,Squaw Creek Reservoir,0.0115
2011-09-27,Squaw Creek Reservoir,0.0112
2011-09-28,Squaw Creek Reservoir,0.0129
2011-09-29,Squaw Creek Reservoir,0.0338
2011-09-30,Squaw Creek Reservoir,0.0106
2011-10-01,Squaw Creek Reservoir,0.0104
2011-10-02,Squaw Creek Reservoir,0.0102
2011-10-03,Squaw Creek Reservoir,0.01
2011-10-04,Squaw Creek Reservoir,0.0099
2011-10-05,Squaw Creek Reservoir,0.0097
2011-10-06,Squaw Creek Reservoir,0.0628
2011-10-07,Squaw Creek Reservoir,0.053900000000000003
2011-10-08,Squaw Creek Reservoir,0.0106
2011-10-09,Squaw Creek Reservoir,0.0093
2011-10-10,Squaw Creek Reservoir,0.0091
2011-10-11,Squaw Creek Reservoir,0.009
2011-10-12,Squaw Creek Reservoir,0.0089
2011-10-13,Squaw Creek Reservoir,0.0091
2011-10-14,Squaw Creek Reservoir,0.0087
2011-10-15,Squaw Creek Reservoir,0.0086
2011-10-16,Squaw Creek Reservoir,0.0085
2011-10-17,Squaw Creek Reservoir,0.0084
2011-10-18,Squaw Creek Reservoir,0.0084
2011-10-19,Squaw Creek Reservoir,0.0083
2011-10-20,Squaw Creek Reservoir,0.0082
2011-10-21,Squaw Creek Reservoir,0.0081
2011-10-22,Squaw Creek Reservoir,0.008
2011-10-23,Squaw Creek Reservoir,0.008
2011-10-24,Squaw Creek Reservoir,0.0079
2011-10-25,Squaw Creek Reservoir,0.0079
2011-10-26,Squaw Creek Reservoir,0.0078
2011-10-27,Squaw Creek Reservoir,0.0078
2011-10-28,Squaw Creek Reservoir,0.0077
2011-10-29,Squaw Creek Reservoir,0.0077
2011-10-30,Squaw Creek Reservoir,0.0076
2011-10-31,Squaw Creek Reservoir,0.0076
2011-11-01,Squaw Creek Reservoir,0.0076
2011-11-02,Squaw Creek Reservoir,0.0085
2011-11-03,Squaw Creek Reservoir,0.0081
2011-11-04,Squaw Creek Reservoir,0.0074
2011-11-05,Squaw Creek Reservoir,0.0074
2011-11-06,Squaw Creek Reservoir,0.0074
2011-11-07,Squaw Creek Reservoir,0.0073
2011-11-08,Squaw Creek Reservoir,0.0073
2011-11-09,Squaw Creek Reservoir,0.0072
2011-11-10,Squaw Creek Reservoir,0.0072
2011-11-11,Squaw Creek Reservoir,0.0072
2011-11-12,Squaw Creek Reservoir,0.0071
2011-11-13,Squaw Creek Reservoir,0.0071
2011-11-14,Squaw Creek Reservoir,0.007
2011-11-15,Squaw Creek Reservoir,0.007
2011-11-16,Squaw Creek Reservoir,0.007
2011-11-17,Squaw Creek Reservoir,0.0069
2011-11-18,Squaw Creek Reservoir,0.0069
2011-11-19,Squaw Creek Reservoir,0.0068
2011-11-20,Squaw Creek Reservoir,0.0068
2011-11-21,Squaw Creek Reservoir,0.0068
2011-11-22,Squaw Creek Reservoir,0.0067
2011-11-23,Squaw Creek Reservoir,0.0067
2011-11-24,Squaw Creek Reservoir,0.0066
2011-11-25,Squaw Creek Reservoir,0.0066
2011-11-26,Squaw Creek Reservoir,0.0066
2011-11-27,Squaw Creek Reservoir,0.0065
2011-11-28,Squaw Creek Reservoir,0.014
2011-11-29,Squaw Creek Reservoir,0.0148
2011-11-30,Squaw Creek Reservoir,0.0066
2011-12-01,Squaw Creek Reservoir,0.0956
2011-12-02,Squaw Creek Reservoir,0.0334
2011-12-03,Squaw Creek Reservoir,0.0223
2011-12-04,Squaw Creek Reservoir,0.0091
2011-12-05,Squaw Creek Reservoir,0.0062
2011-12-06,Squaw Creek Reservoir,0.0062
2011-12-07,Squaw Creek Reservoir,0.0062
2011-12-08,Squaw Creek Reservoir,0.0062
2011-12-09,Squaw Creek Reservoir,0.0061
2011-12-10,Squaw Creek Reservoir,0.0061
2011-12-11,Squaw Creek Reservoir,0.0061
2011-12-12,Squaw Creek Reservoir,0.0439
2011-12-13,Squaw Creek Reservoir,0.0192
2011-12-14,Squaw Creek Reservoir,0.006
2011-12-15,Squaw Creek Reservoir,0.006
2011-12-16,Squaw Creek Reservoir,0.006
2011-12-17,Squaw Creek Reservoir,0.0065
2011-12-18,Squaw Creek Reservoir,0.0059
2011-12-19,Squaw Creek Reservoir,0.1544
2011-12-20,Squaw Creek Reservoir,0.0063
2011-12-21,Squaw Creek Reservoir,0.006
2011-12-22,Squaw Creek Reservoir,0.0061
2011-12-23,Squaw Creek Reservoir,0.0061
2011-12-24,Squaw Creek Reservoir,0.0062
2011-12-25,Squaw Creek Reservoir,0.0066
2011-12-26,Squaw Creek Reservoir,0.0064
2011-12-27,Squaw Creek Reservoir,0.0066
2011-12-28,Squaw Creek Reservoir,0.0063
2011-12-29,Squaw Creek Reservoir,0.0286
2011-12-30,Squaw Creek Reservoir,0.0065
2011-12-31,Squaw Creek Reservoir,0.0068
2012-01-01,Squaw Creek Reservoir,0.0064
2012-01-02,Squaw Creek Reservoir,0.0064
2012-01-03,Squaw Creek Reservoir,0.0064
2012-01-04,Squaw Creek Reservoir,0.0065
2012-01-05,Squaw Creek Reservoir,0.0065
2012-01-06,Squaw Creek Reservoir,0.0064
2012-01-07,Squaw Creek Reservoir,0.0064
2012-01-08,Squaw Creek Reservoir,0.0064
2012-01-09,Squaw Creek Reservoir,0.0064
2012-01-10,Squaw Creek Reservoir,0.0064
2012-01-11,Squaw Creek Reservoir,0.0064
2012-01-12,Squaw Creek Reservoir,0.0064
2012-01-13,Squaw Creek Reservoir,0.0064
2012-01-14,Squaw Creek Reservoir,0.0064
2012-01-15,Squaw Creek Reservoir,0.0064
2012-01-16,Squaw Creek Reservoir,0.0064
2012-01-17,Squaw Creek Reservoir,0.0063
2012-01-18,Squaw Creek Reservoir,0.0063
2012-01-19,Squaw Creek Reservoir,0.0063
2012-01-20,Squaw Creek Reservoir,0.0254
2012-01-21,Squaw Creek Reservoir,0.1528
2012-01-22,Squaw Creek Reservoir,0.0182
2012-01-23,Squaw Creek Reservoir,0.0269
2012-01-24,Squaw Creek Reservoir,0.0116
2012-01-25,Squaw Creek Reservoir,0.0095
2012-01-26,Squaw Creek Reservoir,0.0116
2012-01-27,Squaw Creek Reservoir,0.0161
2012-01-28,Squaw Creek Reservoir,0.0081
2012-01-29,Squaw Creek Reservoir,0.008
2012-01-30,Squaw Creek Reservoir,0.0079
2012-01-31,Squaw Creek Reservoir,0.0078
2012-02-01,Squaw Creek Reservoir,0.0077
2012-02-02,Squaw Creek Reservoir,0.0137
2012-02-03,Squaw Creek Reservoir,0.0089
2012-02-04,Squaw Creek Reservoir,0.0074
2012-02-05,Squaw Creek Reservoir,0.0074
2012-02-06,Squaw Creek Reservoir,0.0072
2012-02-07,Squaw Creek Reservoir,0.0075
2012-02-08,Squaw Creek Reservoir,0.0074
2012-02-09,Squaw Creek Reservoir,0.0432
2012-02-10,Squaw Creek Reservoir,0.1509
2012-02-11,Squaw Creek Reservoir,0.031
2012-02-12,Squaw Creek Reservoir,0.0103
2012-02-13,Squaw Creek Reservoir,0.0117
2012-02-14,Squaw Creek Reservoir,0.0114
2012-02-15,Squaw Creek Reservoir,0.011
2012-02-16,Squaw Creek Reservoir,0.0107
2012-02-17,Squaw Creek Reservoir,0.0103
2012-02-18,Squaw Creek Reservoir,0.01
2012-02-19,Squaw Creek Reservoir,0.01
2012-02-20,Squaw Creek Reservoir,0.0104
2012-02-21,Squaw Creek Reservoir,0.0104
2012-02-22,Squaw Creek Reservoir,0.0101
2012-02-23,Squaw Creek Reservoir,0.0098
2012-02-24,Squaw Creek Reservoir,0.0095
2012-02-25,Squaw Creek Reservoir,0.0805
2012-02-26,Squaw Creek Reservoir,0.0578
2012-02-27,Squaw Creek Reservoir,0.0089
2012-02-28,Squaw Creek Reservoir,0.0096
2012-02-29,Squaw Creek Reservoir,0.0094
2012-03-01,Squaw Creek Reservoir,0.0085
2012-03-02,Squaw Creek Reservoir,0.0083
2012-03-03,Squaw Creek Reservoir,0.0081
2012-03-04,Squaw Creek Reservoir,0.008
2012-03-05,Squaw Creek Reservoir,0.0117
2012-03-06,Squaw Creek Reservoir,0.0075
2012-03-07,Squaw Creek Reservoir,0.0074
2012-03-08,Squaw Creek Reservoir,0.0073
2012-03-09,Squaw Creek Reservoir,0.0072
2012-03-10,Squaw Creek Reservoir,0.0071
2012-03-11,Squaw Creek Reservoir,0.007
2012-03-12,Squaw Creek Reservoir,0.0069
2012-03-13,Squaw Creek Reservoir,0.0068
2012-03-14,Squaw Creek Reservoir,0.0362
2012-03-15,Squaw Creek Reservoir,0.0066
2012-03-16,Squaw Creek Reservoir,0.0066
2012-03-17,Squaw Creek Reservoir,0.0065
2012-03-18,Squaw Creek Reservoir,0.0065
2012-03-19,Squaw Creek Reservoir,0.0064
2012-03-20,Squaw Creek Reservoir,0.0064
2012-03-21,Squaw Creek Reservoir,0.0087
2012-03-22,Squaw Creek Reservoir,0.0069
2012-03-23,Squaw Creek Reservoir,0.0062
2012-03-24,Squaw Creek Reservoir,0.0062
2012-03-25,Squaw Creek Reservoir,0.0062
2012-03-26,Squaw Creek Reservoir,0.0062
2012-03-27,Squaw Creek Reservoir,0.1002
2012-03-28,Squaw Creek Reservoir,0.0336
2012-03-29,Squaw Creek Reservoir,0.0061
2012-03-30,Squaw Creek Reservoir,0.008
2012-03-31,Squaw Creek Reservoir,0.169
2012-04-01,Squaw Creek Reservoir,0.0224
2012-04-02,Squaw Creek Reservoir,0.0065
2012-04-03,Squaw Creek Reservoir,0.0074
2012-04-04,Squaw Creek Reservoir,0.0105
2012-04-05,Squaw Creek Reservoir,0.05
2012-04-06,Squaw Creek Reservoir,0.2803
2012-04-07,Squaw Creek Reservoir,0.1075
2012-04-08,Squaw Creek Reservoir,0.3592
2012-04-09,Squaw Creek Reservoir,0.1265
2012-04-10,Squaw Creek Reservoir,0.1093
2012-04-11,Squaw Creek Reservoir,0.0604
2012-04-12,Squaw Creek Reservoir,0.0505
2012-04-13,Squaw Creek Reservoir,0.0416
2012-04-14,Squaw Creek Reservoir,0.0398
2012-04-15,Squaw Creek Reservoir,0.1411
2012-04-16,Squaw Creek Reservoir,0.0342
2012-04-17,Squaw Creek Reservoir,0.0317
2012-04-18,Squaw Creek Reservoir,0.2247
2012-04-19,Squaw Creek Reservoir,0.0558
2012-04-20,Squaw Creek Reservoir,0.0494
2012-04-21,Squaw Creek Reservoir,0.0485
2012-04-22,Squaw Creek Reservoir,0.0464
2012-04-23,Squaw Creek Reservoir,0.0417
2012-04-24,Squaw Creek Reservoir,0.0373
2012-04-25,Squaw Creek Reservoir,0.0336
2012-04-26,Squaw Creek Reservoir,0.0305
2012-04-27,Squaw Creek Reservoir,0.028
2012-04-28,Squaw Creek Reservoir,0.0258
2012-04-29,Squaw Creek Reservoir,0.0239
2012-04-30,Squaw Creek Reservoir,0.0859
2012-05-01,Squaw Creek Reservoir,0.0214
2012-05-02,Squaw Creek Reservoir,0.0204
2012-05-03,Squaw Creek Reservoir,0.0192
2012-05-04,Squaw Creek Reservoir,0.0181
2012-05-05,Squaw Creek Reservoir,0.0172
2012-05-06,Squaw Creek Reservoir,0.0164
2012-05-07,Squaw Creek Reservoir,0.0156
2012-05-08,Squaw Creek Reservoir,0.0149
2012-05-09,Squaw Creek Reservoir,0.0143
2012-05-10,Squaw Creek Reservoir,0.0138
2012-05-11,Squaw Creek Reservoir,0.0472
2012-05-12,Squaw Creek Reservoir,0.0131
2012-05-13,Squaw Creek Reservoir,0.0125
2012-05-14,Squaw Creek Reservoir,0.0407
2012-05-15,Squaw Creek Reservoir,0.0284
2012-05-16,Squaw Creek Reservoir,0.0132
2012-05-17,Squaw Creek Reservoir,0.0112
2012-05-18,Squaw Creek Reservoir,0.0289
2012-05-19,Squaw Creek Reservoir,0.0107
2012-05-20,Squaw Creek Reservoir,0.0106
2012-05-21,Squaw Creek Reservoir,0.0105
2012-05-22,Squaw Creek Reservoir,0.0103
2012-05-23,Squaw Creek Reservoir,0.0321
2012-05-24,Squaw Creek Reservoir,0.0316
2012-05-25,Squaw Creek Reservoir,0.0106
2012-05-26,Squaw Creek Reservoir,0.0411
2012-05-27,Squaw Creek Reservoir,0.0101
2012-05-28,Squaw Creek Reservoir,0.0097
2012-05-29,Squaw Creek Reservoir,0.0096
2012-05-30,Squaw Creek Reservoir,0.0153
2012-05-31,Squaw Creek Reservoir,0.0094
2012-06-01,Squaw Creek Reservoir,0.0094
2012-06-02,Squaw Creek Reservoir,0.0093
2012-06-03,Squaw Creek Reservoir,0.0092
2012-06-04,Squaw Creek Reservoir,0.0108
2012-06-05,Squaw Creek Reservoir,0.0141
2012-06-06,Squaw Creek Reservoir,0.0101
2012-06-07,Squaw Creek Reservoir,0.0092
2012-06-08,Squaw Creek Reservoir,0.009
2012-06-09,Squaw Creek Reservoir,0.0089
2012-06-10,Squaw Creek Reservoir,0.0098
2012-06-11,Squaw Creek Reservoir,0.0088
2012-06-12,Squaw Creek Reservoir,0.0088
2012-06-13,Squaw Creek Reservoir,0.0087
2012-06-14,Squaw Creek Reservoir,0.214
2012-06-15,Squaw Creek Reservoir,0.0087
2012-06-16,Squaw Creek Reservoir,0.0086
2012-06-17,Squaw Creek Reservoir,0.0085
2012-06-18,Squaw Creek Reservoir,0.0089
2012-06-19,Squaw Creek Reservoir,0.0085
2012-06-20,Squaw Creek Reservoir,0.0223
2012-06-21,Squaw Creek Reservoir,0.0288
2012-06-22,Squaw Creek Reservoir,0.0604
2012-06-23,Squaw Creek Reservoir,0.0087
2012-06-24,Squaw Creek Reservoir,0.0094
2012-06-25,Squaw Creek Reservoir,0.0088
2012-06-26,Squaw Creek Reservoir,0.0148
2012-06-27,Squaw Creek Reservoir,0.0089
2012-06-28,Squaw Creek Reservoir,0.0099
2012-06-29,Squaw Creek Reservoir,0.008
2012-06-30,Squaw Creek Reservoir,0.008
2012-07-01,Squaw Creek Reservoir,0.0082
2012-07-02,Squaw Creek Reservoir,0.0079
2012-07-03,Squaw Creek Reservoir,0.0082
2012-07-04,Squaw Creek Reservoir,0.0169
2012-07-05,Squaw Creek Reservoir,0.0163
2012-07-06,Squaw Creek Reservoir,0.0197
2012-07-07,Squaw Creek Reservoir,0.0229
2012-07-08,Squaw Creek Reservoir,0.0116
2012-07-09,Squaw Creek Reservoir,0.0086
2012-07-10,Squaw Creek Reservoir,0.0176
2012-07-11,Squaw Creek Reservoir,0.0075
2012-07-12,Squaw Creek Reservoir,0.0075
2012-07-13,Squaw Creek Reservoir,0.0074
2012-07-14,Squaw Creek Reservoir,0.0074
2012-07-15,Squaw Creek Reservoir,0.0074
2012-07-16,Squaw Creek Reservoir,0.0073
2012-07-17,Squaw Creek Reservoir,0.0073
2012-07-18,Squaw Creek Reservoir,0.0073
2012-07-19,Squaw Creek Reservoir,0.0088
2012-07-20,Squaw Creek Reservoir,0.0072
2012-07-21,Squaw Creek Reservoir,0.0071
2012-07-22,Squaw Creek Reservoir,0.0071
2012-07-23,Squaw Creek Reservoir,0.0071
2012-07-24,Squaw Creek Reservoir,0.007
2012-07-25,Squaw Creek Reservoir,0.0069
2012-07-26,Squaw Creek Reservoir,0.0069
2012-07-27,Squaw Creek Reservoir,0.0069
2012-07-28,Squaw Creek Reservoir,0.0068
2012-07-29,Squaw Creek Reservoir,0.0068
2012-07-30,Squaw Creek Reservoir,0.0068
2012-07-31,Squaw Creek Reservoir,0.007
2012-08-01,Squaw Creek Reservoir,0.008
2012-08-02,Squaw Creek Reservoir,0.0068
2012-08-03,Squaw Creek Reservoir,0.0071
2012-08-04,Squaw Creek Reservoir,0.0065
2012-08-05,Squaw Creek Reservoir,0.0065
2012-08-06,Squaw Creek Reservoir,0.0064
2012-08-07,Squaw Creek Reservoir,0.0064
2012-08-08,Squaw Creek Reservoir,0.0072
2012-08-09,Squaw Creek Reservoir,0.0065
2012-08-10,Squaw Creek Reservoir,0.0082
2012-08-11,Squaw Creek Reservoir,0.0062
2012-08-12,Squaw Creek Reservoir,0.0062
2012-08-13,Squaw Creek Reservoir,0.0062
2012-08-14,Squaw Creek Reservoir,0.0062
2012-08-15,Squaw Creek Reservoir,0.0061
2012-08-16,Squaw Creek Reservoir,0.006
2012-08-17,Squaw Creek Reservoir,0.006
2012-08-18,Squaw Creek Reservoir,0.006
2012-08-19,Squaw Creek Reservoir,0.0059
2012-08-20,Squaw Creek Reservoir,0.0059
2012-08-21,Squaw Creek Reservoir,0.0059
2012-08-22,Squaw Creek Reservoir,0.0058
2012-08-23,Squaw Creek Reservoir,0.0058
2012-08-24,Squaw Creek Reservoir,0.0058
2012-08-25,Squaw Creek Reservoir,0.0061
2012-08-26,Squaw Creek Reservoir,0.0057
2012-08-27,Squaw Creek Reservoir,0.0056
2012-08-28,Squaw Creek Reservoir,0.0056
2012-08-29,Squaw Creek Reservoir,0.0056
2012-08-30,Squaw Creek Reservoir,0.0055
2012-08-31,Squaw Creek Reservoir,0.0055
2012-09-01,Squaw Creek Reservoir,0.0055
2012-09-02,Squaw Creek Reservoir,0.0054
2012-09-03,Squaw Creek Reservoir,0.0054
2012-09-04,Squaw Creek Reservoir,0.0054
2012-09-05,Squaw Creek Reservoir,0.0113
2012-09-06,Squaw Creek Reservoir,0.0054
2012-09-07,Squaw Creek Reservoir,0.0053
2012-09-08,Squaw Creek Reservoir,0.0052
2012-09-09,Squaw Creek Reservoir,0.0452
2012-09-10,Squaw Creek Reservoir,0.0052
2012-09-11,Squaw Creek Reservoir,0.0051
2012-09-12,Squaw Creek Reservoir,0.0051
2012-09-13,Squaw Creek Reservoir,0.0058
2012-09-14,Squaw Creek Reservoir,0.0474
2012-09-15,Squaw Creek Reservoir,0.0052
2012-09-16,Squaw Creek Reservoir,0.005
2012-09-17,Squaw Creek Reservoir,0.0049
2012-09-18,Squaw Creek Reservoir,0.0049
2012-09-19,Squaw Creek Reservoir,0.0049
2012-09-20,Squaw Creek Reservoir,0.0048
2012-09-21,Squaw Creek Reservoir,0.005
2012-09-22,Squaw Creek Reservoir,0.0048
2012-09-23,Squaw Creek Reservoir,0.0049
2012-09-24,Squaw Creek Reservoir,0.0048
2012-09-25,Squaw Creek Reservoir,0.0047
2012-09-26,Squaw Creek Reservoir,0.0048
2012-09-27,Squaw Creek Reservoir,0.0046
2012-09-28,Squaw Creek Reservoir,0.0046
2012-09-29,Squaw Creek Reservoir,0.0046
2012-09-30,Squaw Creek Reservoir,0.0046
2012-10-01,Squaw Creek Reservoir,0.0045
2012-10-02,Squaw Creek Reservoir,0.0045
2012-10-03,Squaw Creek Reservoir,0.1059
2012-10-04,Squaw Creek Reservoir,0.0067
2012-10-05,Squaw Creek Reservoir,0.0312
2012-10-06,Squaw Creek Reservoir,0.0044
2012-10-07,Squaw Creek Reservoir,0.0044
2012-10-08,Squaw Creek Reservoir,0.0043
2012-10-09,Squaw Creek Reservoir,0.0043
2012-10-10,Squaw Creek Reservoir,0.006
2012-10-11,Squaw Creek Reservoir,0.0043
2012-10-12,Squaw Creek Reservoir,0.0042
2012-10-13,Squaw Creek Reservoir,0.0042
2012-10-14,Squaw Creek Reservoir,0.0042
2012-10-15,Squaw Creek Reservoir,0.0042
2012-10-16,Squaw Creek Reservoir,0.0042
2012-10-17,Squaw Creek Reservoir,0.0041
2012-10-18,Squaw Creek Reservoir,0.0041
2012-10-19,Squaw Creek Reservoir,0.0041
2012-10-20,Squaw Creek Reservoir,0.0041
2012-10-21,Squaw Creek Reservoir,0.004
2012-10-22,Squaw Creek Reservoir,0.0041
2012-10-23,Squaw Creek Reservoir,0.004
2012-10-24,Squaw Creek Reservoir,0.004
2012-10-25,Squaw Creek Reservoir,0.004
2012-10-26,Squaw Creek Reservoir,0.0039
2012-10-27,Squaw Creek Reservoir,0.0039
2012-10-28,Squaw Creek Reservoir,0.0039
2012-10-29,Squaw Creek Reservoir,0.0041
2012-10-30,Squaw Creek Reservoir,0.0331
2012-10-31,Squaw Creek Reservoir,0.0038
2012-11-01,Squaw Creek Reservoir,0.0038
2012-11-02,Squaw Creek Reservoir,0.0038
2012-11-03,Squaw Creek Reservoir,0.004
2012-11-04,Squaw Creek Reservoir,0.0037
2012-11-05,Squaw Creek Reservoir,0.0038
2012-11-06,Squaw Creek Reservoir,0.004
2012-11-07,Squaw Creek Reservoir,0.0064
2012-11-08,Squaw Creek Reservoir,0.0053
2012-11-09,Squaw Creek Reservoir,0.0174
2012-11-10,Squaw Creek Reservoir,0.0053
2012-11-11,Squaw Creek Reservoir,0.0036
2012-11-12,Squaw Creek Reservoir,0.0037
2012-11-13,Squaw Creek Reservoir,0.0039
2012-11-14,Squaw Creek Reservoir,0.0035
2012-11-15,Squaw Creek Reservoir,0.0035
2012-11-16,Squaw Creek Reservoir,0.0035
2012-11-17,Squaw Creek Reservoir,0.0035
2012-11-18,Squaw Creek Reservoir,0.0035
2012-11-19,Squaw Creek Reservoir,0.0034
2012-11-20,Squaw Creek Reservoir,0.0034
2012-11-21,Squaw Creek Reservoir,0.0034
2012-11-22,Squaw Creek Reservoir,0.0035
2012-11-23,Squaw Creek Reservoir,0.0035
2012-11-24,Squaw Creek Reservoir,0.0034
2012-11-25,Squaw Creek Reservoir,0.0033
2012-11-26,Squaw Creek Reservoir,0.0033
2012-11-27,Squaw Creek Reservoir,0.0033
2012-11-28,Squaw Creek Reservoir,0.0033
2012-11-29,Squaw Creek Reservoir,0.0033
2012-11-30,Squaw Creek Reservoir,0.0032
2012-12-01,Squaw Creek Reservoir,0.0032
2012-12-02,Squaw Creek Reservoir,0.0032
2012-12-03,Squaw Creek Reservoir,0.0032
2012-12-04,Squaw Creek Reservoir,0.0032
2012-12-05,Squaw Creek Reservoir,0.0032
2012-12-06,Squaw Creek Reservoir,0.0031
2012-12-07,Squaw Creek Reservoir,0.011
2012-12-08,Squaw Creek Reservoir,0.0074
2012-12-09,Squaw Creek Reservoir,0.0035
2012-12-10,Squaw Creek Reservoir,0.0391
2012-12-11,Squaw Creek Reservoir,0.0038
2012-12-12,Squaw Creek Reservoir,0.003
2012-12-13,Squaw Creek Reservoir,0.003
2012-12-14,Squaw Creek Reservoir,0.003
2012-12-15,Squaw Creek Reservoir,0.003
2012-12-16,Squaw Creek Reservoir,0.003
2012-12-17,Squaw Creek Reservoir,0.003
2012-12-18,Squaw Creek Reservoir,0.0675
2012-12-19,Squaw Creek Reservoir,0.0222
2012-12-20,Squaw Creek Reservoir,0.003
2012-12-21,Squaw Creek Reservoir,0.0029
2012-12-22,Squaw Creek Reservoir,0.0029
2012-12-23,Squaw Creek Reservoir,0.0029
2012-12-24,Squaw Creek Reservoir,0.0029
2012-12-25,Squaw Creek Reservoir,0.0028
2012-12-26,Squaw Creek Reservoir,0.0029
2012-12-27,Squaw Creek Reservoir,0.0035
2012-12-28,Squaw Creek Reservoir,0.0028
2012-12-29,Squaw Creek Reservoir,0.0028
2012-12-30,Squaw Creek Reservoir,0.0912
2012-12-31,Squaw Creek Reservoir,0.0942
2013-01-01,Squaw Creek Reservoir,0.0141
2013-01-02,Squaw Creek Reservoir,0.0031
2013-01-03,Squaw Creek Reservoir,0.0064
2013-01-04,Squaw Creek Reservoir,0.0056
2013-01-05,Squaw Creek Reservoir,0.003
2013-01-06,Squaw Creek Reservoir,0.0032
2013-01-07,Squaw Creek Reservoir,0.003
2013-01-08,Squaw Creek Reservoir,0.003
2013-01-09,Squaw Creek Reservoir,0.0032
2013-01-10,Squaw Creek Reservoir,0.0031
2013-01-11,Squaw Creek Reservoir,0.0031
2013-01-12,Squaw Creek Reservoir,0.0031
2013-01-13,Squaw Creek Reservoir,0.0031
2013-01-14,Squaw Creek Reservoir,0.0033
2013-01-15,Squaw Creek Reservoir,0.0031
2013-01-16,Squaw Creek Reservoir,0.0032
2013-01-17,Squaw Creek Reservoir,0.0032
2013-01-18,Squaw Creek Reservoir,0.0032
2013-01-19,Squaw Creek Reservoir,0.0032
2013-01-20,Squaw Creek Reservoir,0.0032
2013-01-21,Squaw Creek Reservoir,0.0032
2013-01-22,Squaw Creek Reservoir,0.0032
2013-01-23,Squaw Creek Reservoir,0.0032
2013-01-24,Squaw Creek Reservoir,0.0032
2013-01-25,Squaw Creek Reservoir,0.0032
2013-01-26,Squaw Creek Reservoir,0.0032
2013-01-27,Squaw Creek Reservoir,0.0032
2013-01-28,Squaw Creek Reservoir,0.0032
2013-01-29,Squaw Creek Reservoir,0.0033
2013-01-30,Squaw Creek Reservoir,0.0038
2013-01-31,Squaw Creek Reservoir,0.0063
2013-02-01,Squaw Creek Reservoir,0.0288
2013-02-02,Squaw Creek Reservoir,0.0076
2013-02-03,Squaw Creek Reservoir,0.0047
2013-02-04,Squaw Creek Reservoir,0.0037
2013-02-05,Squaw Creek Reservoir,0.0032
2013-02-06,Squaw Creek Reservoir,0.0032
2013-02-07,Squaw Creek Reservoir,0.0032
2013-02-08,Squaw Creek Reservoir,0.0056
2013-02-09,Squaw Creek Reservoir,0.0058
2013-02-10,Squaw Creek Reservoir,0.0033
2013-02-11,Squaw Creek Reservoir,0.0032
2013-02-12,Squaw Creek Reservoir,0.0032
2013-02-13,Squaw Creek Reservoir,0.0032
2013-02-14,Squaw Creek Reservoir,0.0032
2013-02-15,Squaw Creek Reservoir,0.0033
2013-02-16,Squaw Creek Reservoir,0.006
2013-02-17,Squaw Creek Reservoir,0.0041
2013-02-18,Squaw Creek Reservoir,0.0293
2013-02-19,Squaw Creek Reservoir,0.0178
2013-02-20,Squaw Creek Reservoir,0.0032
2013-02-21,Squaw Creek Reservoir,0.0075
2013-02-22,Squaw Creek Reservoir,0.0032
2013-02-23,Squaw Creek Reservoir,0.0032
2013-02-24,Squaw Creek Reservoir,0.0268
2013-02-25,Squaw Creek Reservoir,0.0035
2013-02-26,Squaw Creek Reservoir,0.0031
2013-02-27,Squaw Creek Reservoir,0.0031
2013-02-28,Squaw Creek Reservoir,0.0051
2013-03-01,Squaw Creek Reservoir,0.0081
2013-03-02,Squaw Creek Reservoir,0.0031
2013-03-03,Squaw Creek Reservoir,0.0031
2013-03-04,Squaw Creek Reservoir,0.0031
2013-03-05,Squaw Creek Reservoir,0.0031
2013-03-06,Squaw Creek Reservoir,0.0031
2013-03-07,Squaw Creek Reservoir,0.0031
2013-03-08,Squaw Creek Reservoir,0.0032
2013-03-09,Squaw Creek Reservoir,0.003
2013-03-10,Squaw Creek Reservoir,0.003
2013-03-11,Squaw Creek Reservoir,0.0036
2013-03-12,Squaw Creek Reservoir,0.0032
2013-03-13,Squaw Creek Reservoir,0.0396
2013-03-14,Squaw Creek Reservoir,0.0032
2013-03-15,Squaw Creek Reservoir,0.0054
2013-03-16,Squaw Creek Reservoir,0.003
2013-03-17,Squaw Creek Reservoir,0.0064
2013-03-18,Squaw Creek Reservoir,0.0378
2013-03-19,Squaw Creek Reservoir,0.0265
2013-03-20,Squaw Creek Reservoir,0.003
2013-03-21,Squaw Creek Reservoir,0.0029
2013-03-22,Squaw Creek Reservoir,0.0034
2013-03-23,Squaw Creek Reservoir,0.0029
2013-03-24,Squaw Creek Reservoir,0.0029
2013-03-25,Squaw Creek Reservoir,0.0029
2013-03-26,Squaw Creek Reservoir,0.0029
2013-03-27,Squaw Creek Reservoir,0.0273
2013-03-28,Squaw Creek Reservoir,0.003
2013-03-29,Squaw Creek Reservoir,0.003
2013-03-30,Squaw Creek Reservoir,0.0028
2013-03-31,Squaw Creek Reservoir,0.0028
2013-04-01,Squaw Creek Reservoir,0.0028
2013-04-02,Squaw Creek Reservoir,0.0033
2013-04-03,Squaw Creek Reservoir,0.0028
2013-04-04,Squaw Creek Reservoir,0.0028
2013-04-05,Squaw Creek Reservoir,0.0027
2013-04-06,Squaw Creek Reservoir,0.003
2013-04-07,Squaw Creek Reservoir,0.0029
2013-04-08,Squaw Creek Reservoir,0.007
2013-04-09,Squaw Creek Reservoir,0.0027
2013-04-10,Squaw Creek Reservoir,0.0027
2013-04-11,Squaw Creek Reservoir,0.0027
2013-04-12,Squaw Creek Reservoir,0.0027
2013-04-13,Squaw Creek Reservoir,0.0026
2013-04-14,Squaw Creek Reservoir,0.0026
2013-04-15,Squaw Creek Reservoir,0.0026
2013-04-16,Squaw Creek Reservoir,0.0027
2013-04-17,Squaw Creek Reservoir,0.0026
2013-04-18,Squaw Creek Reservoir,0.0026
2013-04-19,Squaw Creek Reservoir,0.0026
2013-04-20,Squaw Creek Reservoir,0.0026
2013-04-21,Squaw Creek Reservoir,0.0026
2013-04-22,Squaw Creek Reservoir,0.0026
2013-04-23,Squaw Creek Reservoir,0.0025
2013-04-24,Squaw Creek Reservoir,0.0025
2013-04-25,Squaw Creek Reservoir,0.0025
2013-04-26,Squaw Creek Reservoir,0.0025
2013-04-27,Squaw Creek Reservoir,0.0025
2013-04-28,Squaw Creek Reservoir,0.0028
2013-04-29,Squaw Creek Reservoir,0.0028
2013-04-30,Squaw Creek Reservoir,0.1512
2013-05-01,Squaw Creek Reservoir,0.4082
2013-05-02,Squaw Creek Reservoir,0.0321
2013-05-03,Squaw Creek Reservoir,0.0686
2013-05-04,Squaw Creek Reservoir,0.0469
2013-05-05,Squaw Creek Reservoir,0.0344
2013-05-06,Squaw Creek Reservoir,0.0272
2013-05-07,Squaw Creek Reservoir,0.0219
2013-05-08,Squaw Creek Reservoir,0.0189
2013-05-09,Squaw Creek Reservoir,0.4141
2013-05-10,Squaw Creek Reservoir,0.2088
2013-05-11,Squaw Creek Reservoir,0.084
2013-05-12,Squaw Creek Reservoir,0.0522
2013-05-13,Squaw Creek Reservoir,0.0374
2013-05-14,Squaw Creek Reservoir,0.0294
2013-05-15,Squaw Creek Reservoir,0.0244
2013-05-16,Squaw Creek Reservoir,0.0209
2013-05-17,Squaw Creek Reservoir,0.0186
2013-05-18,Squaw Creek Reservoir,0.0182
2013-05-19,Squaw Creek Reservoir,0.0195
2013-05-20,Squaw Creek Reservoir,0.0514
2013-05-21,Squaw Creek Reservoir,0.0167
2013-05-22,Squaw Creek Reservoir,0.0154
2013-05-23,Squaw Creek Reservoir,0.0144
2013-05-24,Squaw Creek Reservoir,0.0135
2013-05-25,Squaw Creek Reservoir,0.0127
2013-05-26,Squaw Creek Reservoir,0.0122
2013-05-27,Squaw Creek Reservoir,0.0857
2013-05-28,Squaw Creek Reservoir,0.2123
2013-05-29,Squaw Creek Reservoir,0.0253
2013-05-30,Squaw Creek Reservoir,0.0225
2013-05-31,Squaw Creek Reservoir,0.0195
2013-06-01,Squaw Creek Reservoir,0.0178
2013-06-02,Squaw Creek Reservoir,0.0164
2013-06-03,Squaw Creek Reservoir,0.0152
2013-06-04,Squaw Creek Reservoir,0.0141
2013-06-05,Squaw Creek Reservoir,0.0132
2013-06-06,Squaw Creek Reservoir,0.0124
2013-06-07,Squaw Creek Reservoir,0.0118
2013-06-08,Squaw Creek Reservoir,0.0112
2013-06-09,Squaw Creek Reservoir,0.011
2013-06-10,Squaw Creek Reservoir,0.0101
2013-06-11,Squaw Creek Reservoir,0.0097
2013-06-12,Squaw Creek Reservoir,0.0093
2013-06-13,Squaw Creek Reservoir,0.0089
2013-06-14,Squaw Creek Reservoir,0.0086
2013-06-15,Squaw Creek Reservoir,0.0083
2013-06-16,Squaw Creek Reservoir,0.008
2013-06-17,Squaw Creek Reservoir,0.0077
2013-06-18,Squaw Creek Reservoir,0.0075
2013-06-19,Squaw Creek Reservoir,0.0073
2013-06-20,Squaw Creek Reservoir,0.0071
2013-06-21,Squaw Creek Reservoir,0.0069
2013-06-22,Squaw Creek Reservoir,0.0067
2013-06-23,Squaw Creek Reservoir,0.0065
2013-06-24,Squaw Creek Reservoir,0.0064
2013-06-25,Squaw Creek Reservoir,0.0062
2013-06-26,Squaw Creek Reservoir,0.0061
2013-06-27,Squaw Creek Reservoir,0.006
2013-06-28,Squaw Creek Reservoir,0.0059
2013-06-29,Squaw Creek Reservoir,0.0059
2013-06-30,Squaw Creek Reservoir,0.0061
2013-07-01,Squaw Creek Reservoir,0.0059
2013-07-02,Squaw Creek Reservoir,0.0057
2013-07-03,Squaw Creek Reservoir,0.0056
2013-07-04,Squaw Creek Reservoir,0.0056
2013-07-05,Squaw Creek Reservoir,0.0056
2013-07-06,Squaw Creek Reservoir,0.0056
2013-07-07,Squaw Creek Reservoir,0.0055
2013-07-08,Squaw Creek Reservoir,0.0055
2013-07-09,Squaw Creek Reservoir,0.0056
2013-07-10,Squaw Creek Reservoir,0.0216
2013-07-11,Squaw Creek Reservoir,0.0093
2013-07-12,Squaw Creek Reservoir,0.0054
2013-07-13,Squaw Creek Reservoir,0.0054
2013-07-14,Squaw Creek Reservoir,0.0065
2013-07-15,Squaw Creek Reservoir,0.022
2013-07-16,Squaw Creek Reservoir,0.0214
2013-07-17,Squaw Creek Reservoir,0.0126
2013-07-18,Squaw Creek Reservoir,0.0072
2013-07-19,Squaw Creek Reservoir,0.0056
2013-07-20,Squaw Creek Reservoir,0.0117
2013-07-21,Squaw Creek Reservoir,0.0271
2013-07-22,Squaw Creek Reservoir,0.0162
2013-07-23,Squaw Creek Reservoir,0.022
2013-07-24,Squaw Creek Reservoir,0.0068
2013-07-25,Squaw Creek Reservoir,0.0053
2013-07-26,Squaw Creek Reservoir,0.0051
2013-07-27,Squaw Creek Reservoir,0.0051
2013-07-28,Squaw Creek Reservoir,0.0059
2013-07-29,Squaw Creek Reservoir,0.0139
2013-07-30,Squaw Creek Reservoir,0.0051
2013-07-31,Squaw Creek Reservoir,0.0096
2013-08-01,Squaw Creek Reservoir,0.085
2013-08-02,Squaw Creek Reservoir,0.0068
2013-08-03,Squaw Creek Reservoir,0.0055
2013-08-04,Squaw Creek Reservoir,0.0051
2013-08-05,Squaw Creek Reservoir,0.0054
2013-08-06,Squaw Creek Reservoir,0.0054
2013-08-07,Squaw Creek Reservoir,0.0049
2013-08-08,Squaw Creek Reservoir,0.0049
2013-08-09,Squaw Creek Reservoir,0.0049
2013-08-10,Squaw Creek Reservoir,0.0107
2013-08-11,Squaw Creek Reservoir,0.0049
2013-08-12,Squaw Creek Reservoir,0.0048
2013-08-13,Squaw Creek Reservoir,0.0048
2013-08-14,Squaw Creek Reservoir,0.0049
2013-08-15,Squaw Creek Reservoir,0.0055
2013-08-16,Squaw Creek Reservoir,0.0051
2013-08-17,Squaw Creek Reservoir,0.0047
2013-08-18,Squaw Creek Reservoir,0.0069
2013-08-19,Squaw Creek Reservoir,0.0047
2013-08-20,Squaw Creek Reservoir,0.0048
2013-08-21,Squaw Creek Reservoir,0.0046
2013-08-22,Squaw Creek Reservoir,0.0046
2013-08-23,Squaw Creek Reservoir,0.0046
2013-08-24,Squaw Creek Reservoir,0.0046
2013-08-25,Squaw Creek Reservoir,0.0046
2013-08-26,Squaw Creek Reservoir,0.0047
2013-08-27,Squaw Creek Reservoir,0.0045
2013-08-28,Squaw Creek Reservoir,0.0045
2013-08-29,Squaw Creek Reservoir,0.0059
2013-08-30,Squaw Creek Reservoir,0.0048
2013-08-31,Squaw Creek Reservoir,0.0046
2013-09-01,Squaw Creek Reservoir,0.0046
2013-09-02,Squaw Creek Reservoir,0.0045
2013-09-03,Squaw Creek Reservoir,0.0044
2013-09-04,Squaw Creek Reservoir,0.0044
2013-09-05,Squaw Creek Reservoir,0.0043
2013-09-06,Squaw Creek Reservoir,0.0043
2013-09-07,Squaw Creek Reservoir,0.0059
2013-09-08,Squaw Creek Reservoir,0.0557
2013-09-09,Squaw Creek Reservoir,0.0145
2013-09-10,Squaw Creek Reservoir,0.0044
2013-09-11,Squaw Creek Reservoir,0.0042
2013-09-12,Squaw Creek Reservoir,0.0042
2013-09-13,Squaw Creek Reservoir,0.0042
2013-09-14,Squaw Creek Reservoir,0.0041
2013-09-15,Squaw Creek Reservoir,0.0042
2013-09-16,Squaw Creek Reservoir,0.0041
2013-09-17,Squaw Creek Reservoir,0.0041
2013-09-18,Squaw Creek Reservoir,0.0248
2013-09-19,Squaw Creek Reservoir,0.004
2013-09-20,Squaw Creek Reservoir,0.004
2013-09-21,Squaw Creek Reservoir,0.004
2013-09-22,Squaw Creek Reservoir,0.2457
2013-09-23,Squaw Creek Reservoir,0.0056
2013-09-24,Squaw Creek Reservoir,0.0041
2013-09-25,Squaw Creek Reservoir,0.0041
2013-09-26,Squaw Creek Reservoir,0.0042
2013-09-27,Squaw Creek Reservoir,0.0042
2013-09-28,Squaw Creek Reservoir,0.0043
2013-09-29,Squaw Creek Reservoir,0.0043
2013-09-30,Squaw Creek Reservoir,0.0043
2013-10-01,Squaw Creek Reservoir,0.0044
2013-10-02,Squaw Creek Reservoir,0.027
2013-10-03,Squaw Creek Reservoir,0.0044
2013-10-04,Squaw Creek Reservoir,0.0045
2013-10-05,Squaw Creek Reservoir,0.0045
2013-10-06,Squaw Creek Reservoir,0.0045
2013-10-07,Squaw Creek Reservoir,0.0046
2013-10-08,Squaw Creek Reservoir,0.0045
2013-10-09,Squaw Creek Reservoir,0.0045
2013-10-10,Squaw Creek Reservoir,0.0045
2013-10-11,Squaw Creek Reservoir,0.0045
2013-10-12,Squaw Creek Reservoir,0.0046
2013-10-13,Squaw Creek Reservoir,0.0046
2013-10-14,Squaw Creek Reservoir,0.0046
2013-10-15,Squaw Creek Reservoir,0.0046
2013-10-16,Squaw Creek Reservoir,0.0046
2013-10-17,Squaw Creek Reservoir,0.0046
2013-10-18,Squaw Creek Reservoir,0.0046
2013-10-19,Squaw Creek Reservoir,0.2705
2013-10-20,Squaw Creek Reservoir,0.2531
2013-10-21,Squaw Creek Reservoir,0.6341
2013-10-22,Squaw Creek Reservoir,0.2924
2013-10-23,Squaw Creek Reservoir,0.1232
2013-10-24,Squaw Creek Reservoir,0.077
2013-10-25,Squaw Creek Reservoir,0.0558
2013-10-26,Squaw Creek Reservoir,0.0437
2013-10-27,Squaw Creek Reservoir,0.0359
2013-10-28,Squaw Creek Reservoir,0.0305
2013-10-29,Squaw Creek Reservoir,0.0266
2013-10-30,Squaw Creek Reservoir,0.0235
2013-10-31,Squaw Creek Reservoir,0.1658
2013-11-01,Squaw Creek Reservoir,0.0352
2013-11-02,Squaw Creek Reservoir,0.0232
2013-11-03,Squaw Creek Reservoir,0.0215
2013-11-04,Squaw Creek Reservoir,0.0196
2013-11-05,Squaw Creek Reservoir,0.0409
2013-11-06,Squaw Creek Reservoir,0.0821
2013-11-07,Squaw Creek Reservoir,0.0207
2013-11-08,Squaw Creek Reservoir,0.0161
2013-11-09,Squaw Creek Reservoir,0.0155
2013-11-10,Squaw Creek Reservoir,0.0146
2013-11-11,Squaw Creek Reservoir,0.0138
2013-11-12,Squaw Creek Reservoir,0.0135
2013-11-13,Squaw Creek Reservoir,0.0825
2013-11-14,Squaw Creek Reservoir,0.0124
2013-11-15,Squaw Creek Reservoir,0.0123
2013-11-16,Squaw Creek Reservoir,0.0118
2013-11-17,Squaw Creek Reservoir,0.0114
2013-11-18,Squaw Creek Reservoir,0.011
2013-11-19,Squaw Creek Reservoir,0.0106
2013-11-20,Squaw Creek Reservoir,0.0263
2013-11-21,Squaw Creek Reservoir,0.0148
2013-11-22,Squaw Creek Reservoir,0.0097
2013-11-23,Squaw Creek Reservoir,0.1113
2013-11-24,Squaw Creek Reservoir,0.0192
2013-11-25,Squaw Creek Reservoir,0.0116
2013-11-26,Squaw Creek Reservoir,0.0117
2013-11-27,Squaw Creek Reservoir,0.0472
2013-11-28,Squaw Creek Reservoir,0.1065
2013-11-29,Squaw Creek Reservoir,0.0185
2013-11-30,Squaw Creek Reservoir,0.018
2013-12-01,Squaw Creek Reservoir,0.0174
2013-12-02,Squaw Creek Reservoir,0.0165
2013-12-03,Squaw Creek Reservoir,0.0161
2013-12-04,Squaw Creek Reservoir,0.0179
2013-12-05,Squaw Creek Reservoir,0.0193
2013-12-06,Squaw Creek Reservoir,0.0194
2013-12-07,Squaw Creek Reservoir,0.0189
2013-12-08,Squaw Creek Reservoir,0.0188
2013-12-09,Squaw Creek Reservoir,0.0255
2013-12-10,Squaw Creek Reservoir,0.0169
2013-12-11,Squaw Creek Reservoir,0.0163
2013-12-12,Squaw Creek Reservoir,0.0157
2013-12-13,Squaw Creek Reservoir,0.0242
2013-12-14,Squaw Creek Reservoir,0.0149
2013-12-15,Squaw Creek Reservoir,0.0143
2013-12-16,Squaw Creek Reservoir,0.0139
2013-12-17,Squaw Creek Reservoir,0.0152
2013-12-18,Squaw Creek Reservoir,0.0141
2013-12-19,Squaw Creek Reservoir,0.013
2013-12-20,Squaw Creek Reservoir,0.0126
2013-12-21,Squaw Creek Reservoir,0.0127
2013-12-22,Squaw Creek Reservoir,0.0219
2013-12-23,Squaw Creek Reservoir,0.0128
2013-12-24,Squaw Creek Reservoir,0.0116
2013-12-25,Squaw Creek Reservoir,0.0114
2013-12-26,Squaw Creek Reservoir,0.0112
2013-12-27,Squaw Creek Reservoir,0.011
2013-12-28,Squaw Creek Reservoir,0.1294
2013-12-29,Squaw Creek Reservoir,0.0174
2013-12-30,Squaw Creek Reservoir,0.013
2013-12-31,Squaw Creek Reservoir,0.0214
2014-01-01,Squaw Creek Reservoir,0.0459
2014-01-02,Squaw Creek Reservoir,0.0138
2014-01-03,Squaw Creek Reservoir,0.0139
2014-01-04,Squaw Creek Reservoir,0.014
2014-01-05,Squaw Creek Reservoir,0.014
2014-01-06,Squaw Creek Reservoir,0.1534
2014-01-07,Squaw Creek Reservoir,0.038
2014-01-08,Squaw Creek Reservoir,0.0215
2014-01-09,Squaw Creek Reservoir,0.0355
2014-01-10,Squaw Creek Reservoir,0.0198
2014-01-11,Squaw Creek Reservoir,0.0218
2014-01-12,Squaw Creek Reservoir,0.0253
2014-01-13,Squaw Creek Reservoir,0.0265
2014-01-14,Squaw Creek Reservoir,0.026
2014-01-15,Squaw Creek Reservoir,0.0251
2014-01-16,Squaw Creek Reservoir,0.0242
2014-01-17,Squaw Creek Reservoir,0.0233
2014-01-18,Squaw Creek Reservoir,0.0224
2014-01-19,Squaw Creek Reservoir,0.0216
2014-01-20,Squaw Creek Reservoir,0.0209
2014-01-21,Squaw Creek Reservoir,0.0214
2014-01-22,Squaw Creek Reservoir,0.0373
2014-01-23,Squaw Creek Reservoir,0.0305
2014-01-24,Squaw Creek Reservoir,0.038
2014-01-25,Squaw Creek Reservoir,0.0377
2014-01-26,Squaw Creek Reservoir,0.0196
2014-01-27,Squaw Creek Reservoir,0.0198
2014-01-28,Squaw Creek Reservoir,0.0199
2014-01-29,Squaw Creek Reservoir,0.0198
2014-01-30,Squaw Creek Reservoir,0.025
2014-01-31,Squaw Creek Reservoir,0.0232
2014-02-01,Squaw Creek Reservoir,0.0216
2014-02-02,Squaw Creek Reservoir,0.0192
2014-02-03,Squaw Creek Reservoir,0.0981
2014-02-04,Squaw Creek Reservoir,0.0391
2014-02-05,Squaw Creek Reservoir,0.0221
2014-02-06,Squaw Creek Reservoir,0.025
2014-02-07,Squaw Creek Reservoir,0.0232
2014-02-08,Squaw Creek Reservoir,0.023
2014-02-09,Squaw Creek Reservoir,0.0226
2014-02-10,Squaw Creek Reservoir,0.024
2014-02-11,Squaw Creek Reservoir,0.1651
2014-02-12,Squaw Creek Reservoir,0.0577
2014-02-13,Squaw Creek Reservoir,0.0314
2014-02-14,Squaw Creek Reservoir,0.0334
2014-02-15,Squaw Creek Reservoir,0.0329
2014-02-16,Squaw Creek Reservoir,0.0316
2014-02-17,Squaw Creek Reservoir,0.0302
2014-02-18,Squaw Creek Reservoir,0.0288
2014-02-19,Squaw Creek Reservoir,0.0274
2014-02-20,Squaw Creek Reservoir,0.0261
2014-02-21,Squaw Creek Reservoir,0.0249
2014-02-22,Squaw Creek Reservoir,0.0238
2014-02-23,Squaw Creek Reservoir,0.0229
2014-02-24,Squaw Creek Reservoir,0.0221
2014-02-25,Squaw Creek Reservoir,0.0213
2014-02-26,Squaw Creek Reservoir,0.0206
2014-02-27,Squaw Creek Reservoir,0.0236
2014-02-28,Squaw Creek Reservoir,0.0227
2014-03-01,Squaw Creek Reservoir,0.0513
2014-03-02,Squaw Creek Reservoir,0.0185
2014-03-03,Squaw Creek Reservoir,0.0184
2014-03-04,Squaw Creek Reservoir,0.0182
2014-03-05,Squaw Creek Reservoir,0.0179
2014-03-06,Squaw Creek Reservoir,0.0176
2014-03-07,Squaw Creek Reservoir,0.0214
2014-03-08,Squaw Creek Reservoir,0.017
2014-03-09,Squaw Creek Reservoir,0.0166
2014-03-10,Squaw Creek Reservoir,0.0163
2014-03-11,Squaw Creek Reservoir,0.016
2014-03-12,Squaw Creek Reservoir,0.0157
2014-03-13,Squaw Creek Reservoir,0.0157
2014-03-14,Squaw Creek Reservoir,0.0204
2014-03-15,Squaw Creek Reservoir,0.0467
2014-03-16,Squaw Creek Reservoir,0.228
2014-03-17,Squaw Creek Reservoir,0.0159
2014-03-18,Squaw Creek Reservoir,0.0173
2014-03-19,Squaw Creek Reservoir,0.0182
2014-03-20,Squaw Creek Reservoir,0.0186
2014-03-21,Squaw Creek Reservoir,0.0185
2014-03-22,Squaw Creek Reservoir,0.0182
2014-03-23,Squaw Creek Reservoir,0.0178
2014-03-24,Squaw Creek Reservoir,0.0174
2014-03-25,Squaw Creek Reservoir,0.0171
2014-03-26,Squaw Creek Reservoir,0.0166
2014-03-27,Squaw Creek Reservoir,0.0162
2014-03-28,Squaw Creek Reservoir,0.0159
2014-03-29,Squaw Creek Reservoir,0.0156
2014-03-30,Squaw Creek Reservoir,0.0152
2014-03-31,Squaw Creek Reservoir,0.0379
2014-04-01,Squaw Creek Reservoir,0.0147
2014-04-02,Squaw Creek Reservoir,0.0145
2014-04-03,Squaw Creek Reservoir,0.0887
2014-04-04,Squaw Creek Reservoir,0.0143
2014-04-05,Squaw Creek Reservoir,0.0143
2014-04-06,Squaw Creek Reservoir,0.0142
2014-04-07,Squaw Creek Reservoir,0.0146
2014-04-08,Squaw Creek Reservoir,0.0141
2014-04-09,Squaw Creek Reservoir,0.0139
2014-04-10,Squaw Creek Reservoir,0.0138
2014-04-11,Squaw Creek Reservoir,0.0136
2014-04-12,Squaw Creek Reservoir,0.0177
2014-04-13,Squaw Creek Reservoir,0.0134
2014-04-14,Squaw Creek Reservoir,0.0212
2014-04-15,Squaw Creek Reservoir,0.0916
2014-04-16,Squaw Creek Reservoir,0.0131
2014-04-17,Squaw Creek Reservoir,0.0141
2014-04-18,Squaw Creek Reservoir,0.111
2014-04-19,Squaw Creek Reservoir,0.0169
2014-04-20,Squaw Creek Reservoir,0.013
2014-04-21,Squaw Creek Reservoir,0.013
2014-04-22,Squaw Creek Reservoir,0.0138
2014-04-23,Squaw Creek Reservoir,0.0132
2014-04-24,Squaw Creek Reservoir,0.013
2014-04-25,Squaw Creek Reservoir,0.0131
2014-04-26,Squaw Creek Reservoir,0.013
2014-04-27,Squaw Creek Reservoir,0.0129
2014-04-28,Squaw Creek Reservoir,0.0137
2014-04-29,Squaw Creek Reservoir,0.0128
2014-04-30,Squaw Creek Reservoir,0.0124
2014-05-01,Squaw Creek Reservoir,0.0123
2014-05-02,Squaw Creek Reservoir,0.0122
2014-05-03,Squaw Creek Reservoir,0.0121
2014-05-04,Squaw Creek Reservoir,0.012
2014-05-05,Squaw Creek Reservoir,0.0121
2014-05-06,Squaw Creek Reservoir,0.0122
2014-05-07,Squaw Creek Reservoir,0.0132
2014-05-08,Squaw Creek Reservoir,0.0118
2014-05-09,Squaw Creek Reservoir,0.012
2014-05-10,Squaw Creek Reservoir,0.0125
2014-05-11,Squaw Creek Reservoir,0.0327
2014-05-12,Squaw Creek Reservoir,0.0134
2014-05-13,Squaw Creek Reservoir,0.035
2014-05-14,Squaw Creek Reservoir,0.0112
2014-05-15,Squaw Creek Reservoir,0.0112
2014-05-16,Squaw Creek Reservoir,0.0121
2014-05-17,Squaw Creek Reservoir,0.0112
2014-05-18,Squaw Creek Reservoir,0.0114
2014-05-19,Squaw Creek Reservoir,0.0113
2014-05-20,Squaw Creek Reservoir,0.012
2014-05-21,Squaw Creek Reservoir,0.0107
2014-05-22,Squaw Creek Reservoir,0.011
2014-05-23,Squaw Creek Reservoir,0.0339
2014-05-24,Squaw Creek Reservoir,0.1942
2014-05-25,Squaw Creek Reservoir,0.0137
2014-05-26,Squaw Creek Reservoir,0.0103
2014-05-27,Squaw Creek Reservoir,0.0106
2014-05-28,Squaw Creek Reservoir,0.0107
2014-05-29,Squaw Creek Reservoir,0.0345
2014-05-30,Squaw Creek Reservoir,0.0179
2014-05-31,Squaw Creek Reservoir,0.01
2014-06-01,Squaw Creek Reservoir,0.0109
2014-06-02,Squaw Creek Reservoir,0.01
2014-06-03,Squaw Creek Reservoir,0.0099
2014-06-04,Squaw Creek Reservoir,0.0098
2014-06-05,Squaw Creek Reservoir,0.0098
2014-06-06,Squaw Creek Reservoir,0.0097
2014-06-07,Squaw Creek Reservoir,0.0097
2014-06-08,Squaw Creek Reservoir,0.0097
2014-06-09,Squaw Creek Reservoir,0.0096
2014-06-10,Squaw Creek Reservoir,0.0095
2014-06-11,Squaw Creek Reservoir,0.0094
2014-06-12,Squaw Creek Reservoir,0.0094
2014-06-13,Squaw Creek Reservoir,0.0096
2014-06-14,Squaw Creek Reservoir,0.035
2014-06-15,Squaw Creek Reservoir,0.0092
2014-06-16,Squaw Creek Reservoir,0.0092
2014-06-17,Squaw Creek Reservoir,0.0091
2014-06-18,Squaw Creek Reservoir,0.009
2014-06-19,Squaw Creek Reservoir,0.009
2014-06-20,Squaw Creek Reservoir,0.0133
2014-06-21,Squaw Creek Reservoir,0.0091
2014-06-22,Squaw Creek Reservoir,0.009
2014-06-23,Squaw Creek Reservoir,0.0089
2014-06-24,Squaw Creek Reservoir,0.0089
2014-06-25,Squaw Creek Reservoir,0.0087
2014-06-26,Squaw Creek Reservoir,0.0086
2014-06-27,Squaw Creek Reservoir,0.0085
2014-06-28,Squaw Creek Reservoir,0.0087
2014-06-29,Squaw Creek Reservoir,0.0118
2014-06-30,Squaw Creek Reservoir,0.0089
2014-07-01,Squaw Creek Reservoir,0.0083
2014-07-02,Squaw Creek Reservoir,0.0086
2014-07-03,Squaw Creek Reservoir,0.0083
2014-07-04,Squaw Creek Reservoir,0.0087
2014-07-05,Squaw Creek Reservoir,0.0084
2014-07-06,Squaw Creek Reservoir,0.0102
2014-07-07,Squaw Creek Reservoir,0.008
2014-07-08,Squaw Creek Reservoir,0.008
2014-07-09,Squaw Creek Reservoir,0.0079
2014-07-10,Squaw Creek Reservoir,0.0079
2014-07-11,Squaw Creek Reservoir,0.0078
2014-07-12,Squaw Creek Reservoir,0.0078
2014-07-13,Squaw Creek Reservoir,0.0087
2014-07-14,Squaw Creek Reservoir,0.0077
2014-07-15,Squaw Creek Reservoir,0.0078
2014-07-16,Squaw Creek Reservoir,0.0098
2014-07-17,Squaw Creek Reservoir,0.0076
2014-07-18,Squaw Creek Reservoir,0.0075
2014-07-19,Squaw Creek Reservoir,0.0074
2014-07-20,Squaw Creek Reservoir,0.0074
2014-07-21,Squaw Creek Reservoir,0.0073
2014-07-22,Squaw Creek Reservoir,0.0073
2014-07-23,Squaw Creek Reservoir,0.0072
2014-07-24,Squaw Creek Reservoir,0.0072
2014-07-25,Squaw Creek Reservoir,0.0072
2014-07-26,Squaw Creek Reservoir,0.0071
2014-07-27,Squaw Creek Reservoir,0.0071
2014-07-28,Squaw Creek Reservoir,0.007
2014-07-29,Squaw Creek Reservoir,0.007
2014-07-30,Squaw Creek Reservoir,0.007
2014-07-31,Squaw Creek Reservoir,0.0069
2014-08-01,Squaw Creek Reservoir,0.007
2014-08-02,Squaw Creek Reservoir,0.0069
2014-08-03,Squaw Creek Reservoir,0.0074
2014-08-04,Squaw Creek Reservoir,0.0067
2014-08-05,Squaw Creek Reservoir,0.0067
2014-08-06,Squaw Creek Reservoir,0.0066
2014-08-07,Squaw Creek Reservoir,0.0066
2014-08-08,Squaw Creek Reservoir,0.0065
2014-08-09,Squaw Creek Reservoir,0.0065
2014-08-10,Squaw Creek Reservoir,0.0064
2014-08-11,Squaw Creek Reservoir,0.0064
2014-08-12,Squaw Creek Reservoir,0.0064
2014-08-13,Squaw Creek Reservoir,0.0063
2014-08-14,Squaw Creek Reservoir,0.0063
2014-08-15,Squaw Creek Reservoir,0.0062
2014-08-16,Squaw Creek Reservoir,0.007
2014-08-17,Squaw Creek Reservoir,0.0071
2014-08-18,Squaw Creek Reservoir,0.0061
2014-08-19,Squaw Creek Reservoir,0.0061
2014-08-20,Squaw Creek Reservoir,0.0061
2014-08-21,Squaw Creek Reservoir,0.006
2014-08-22,Squaw Creek Reservoir,0.006
2014-08-23,Squaw Creek Reservoir,0.0059
2014-08-24,Squaw Creek Reservoir,0.0059
2014-08-25,Squaw Creek Reservoir,0.0059
2014-08-26,Squaw Creek Reservoir,0.0058
2014-08-27,Squaw Creek Reservoir,0.0064
2014-08-28,Squaw Creek Reservoir,0.0058
2014-08-29,Squaw Creek Reservoir,0.0057
2014-08-30,Squaw Creek Reservoir,0.0057
2014-08-31,Squaw Creek Reservoir,0.0056
2014-09-01,Squaw Creek Reservoir,0.0056
2014-09-02,Squaw Creek Reservoir,0.0056
2014-09-03,Squaw Creek Reservoir,0.0056
2014-09-04,Squaw Creek Reservoir,0.006
2014-09-05,Squaw Creek Reservoir,0.0881
2014-09-06,Squaw Creek Reservoir,0.0185
2014-09-07,Squaw Creek Reservoir,0.0062
2014-09-08,Squaw Creek Reservoir,0.0054
2014-09-09,Squaw Creek Reservoir,0.0054
2014-09-10,Squaw Creek Reservoir,0.0053
2014-09-11,Squaw Creek Reservoir,0.0053
2014-09-12,Squaw Creek Reservoir,0.0053
2014-09-13,Squaw Creek Reservoir,0.0053
2014-09-14,Squaw Creek Reservoir,0.0052
2014-09-15,Squaw Creek Reservoir,0.0056
2014-09-16,Squaw Creek Reservoir,0.0052
2014-09-17,Squaw Creek Reservoir,0.0062
2014-09-18,Squaw Creek Reservoir,0.0051
2014-09-19,Squaw Creek Reservoir,0.0052
2014-09-20,Squaw Creek Reservoir,0.0051
2014-09-21,Squaw Creek Reservoir,0.0051
2014-09-22,Squaw Creek Reservoir,0.0053
2014-09-23,Squaw Creek Reservoir,0.0051
2014-09-24,Squaw Creek Reservoir,0.0307
2014-09-25,Squaw Creek Reservoir,0.0049
2014-09-26,Squaw Creek Reservoir,0.0049
2014-09-27,Squaw Creek Reservoir,0.0048
2014-09-28,Squaw Creek Reservoir,0.0048
2014-09-29,Squaw Creek Reservoir,0.0048
2014-09-30,Squaw Creek Reservoir,0.0048
2014-10-01,Squaw Creek Reservoir,0.0054
2014-10-02,Squaw Creek Reservoir,0.0047
2014-10-03,Squaw Creek Reservoir,0.0047
2014-10-04,Squaw Creek Reservoir,0.0046
2014-10-05,Squaw Creek Reservoir,0.0046
2014-10-06,Squaw Creek Reservoir,0.0046
2014-10-07,Squaw Creek Reservoir,0.0046
2014-10-08,Squaw Creek Reservoir,0.0045
2014-10-09,Squaw Creek Reservoir,0.276
2014-10-10,Squaw Creek Reservoir,0.2976
2014-10-11,Squaw Creek Reservoir,1.3852
2014-10-12,Squaw Creek Reservoir,0.8415
2014-10-13,Squaw Creek Reservoir,0.6404
2014-10-14,Squaw Creek Reservoir,0.4488
2014-10-15,Squaw Creek Reservoir,0.3482
2014-10-16,Squaw Creek Reservoir,0.2716
2014-10-17,Squaw Creek Reservoir,0.2047
2014-10-18,Squaw Creek Reservoir,0.168
2014-10-19,Squaw Creek Reservoir,0.1397
2014-10-20,Squaw Creek Reservoir,0.1182
2014-10-21,Squaw Creek Reservoir,0.1074
2014-10-22,Squaw Creek Reservoir,0.0964
2014-10-23,Squaw Creek Reservoir,0.0855
2014-10-24,Squaw Creek Reservoir,0.0756
2014-10-25,Squaw Creek Reservoir,0.0673
2014-10-26,Squaw Creek Reservoir,0.0606
2014-10-27,Squaw Creek Reservoir,0.0551
2014-10-28,Squaw Creek Reservoir,0.0501
2014-10-29,Squaw Creek Reservoir,0.0458
2014-10-30,Squaw Creek Reservoir,0.0421
2014-10-31,Squaw Creek Reservoir,0.0392
2014-11-01,Squaw Creek Reservoir,0.0368
2014-11-02,Squaw Creek Reservoir,0.0348
2014-11-03,Squaw Creek Reservoir,0.0331
2014-11-04,Squaw Creek Reservoir,0.1021
2014-11-05,Squaw Creek Reservoir,0.0533
2014-11-06,Squaw Creek Reservoir,0.0316
2014-11-07,Squaw Creek Reservoir,0.0316
2014-11-08,Squaw Creek Reservoir,0.031
2014-11-09,Squaw Creek Reservoir,0.0303
2014-11-10,Squaw Creek Reservoir,0.0295
2014-11-11,Squaw Creek Reservoir,0.0287
2014-11-12,Squaw Creek Reservoir,0.0279
2014-11-13,Squaw Creek Reservoir,0.0272
2014-11-14,Squaw Creek Reservoir,0.0264
2014-11-15,Squaw Creek Reservoir,0.0258
2014-11-16,Squaw Creek Reservoir,0.0252
2014-11-17,Squaw Creek Reservoir,0.0247
2014-11-18,Squaw Creek Reservoir,0.0242
2014-11-19,Squaw Creek Reservoir,0.0237
2014-11-20,Squaw Creek Reservoir,0.0232
2014-11-21,Squaw Creek Reservoir,0.0228
2014-11-22,Squaw Creek Reservoir,0.0224
2014-11-23,Squaw Creek Reservoir,0.0692
2014-11-24,Squaw Creek Reservoir,0.1421
2014-11-25,Squaw Creek Reservoir,0.024
2014-11-26,Squaw Creek Reservoir,0.0262
2014-11-27,Squaw Creek Reservoir,0.0275
2014-11-28,Squaw Creek Reservoir,0.0294
2014-11-29,Squaw Creek Reservoir,0.114
2014-11-30,Squaw Creek Reservoir,0.0548
2014-12-01,Squaw Creek Reservoir,0.032
2014-12-02,Squaw Creek Reservoir,0.0686
2014-12-03,Squaw Creek Reservoir,0.0361
2014-12-04,Squaw Creek Reservoir,0.0353
2014-12-05,Squaw Creek Reservoir,0.0359
2014-12-06,Squaw Creek Reservoir,0.0525
2014-12-07,Squaw Creek Reservoir,0.0362
2014-12-08,Squaw Creek Reservoir,0.0524
2014-12-09,Squaw Creek Reservoir,0.0355
2014-12-10,Squaw Creek Reservoir,0.0352
2014-12-11,Squaw Creek Reservoir,0.0346
2014-12-12,Squaw Creek Reservoir,0.0342
2014-12-13,Squaw Creek Reservoir,0.0353
2014-12-14,Squaw Creek Reservoir,0.0327
2014-12-15,Squaw Creek Reservoir,0.0317
2014-12-16,Squaw Creek Reservoir,0.0307
2014-12-17,Squaw Creek Reservoir,0.0297
2014-12-18,Squaw Creek Reservoir,0.0289
2014-12-19,Squaw Creek Reservoir,0.0281
2014-12-20,Squaw Creek Reservoir,0.0275
2014-12-21,Squaw Creek Reservoir,0.1728
2014-12-22,Squaw Creek Reservoir,0.0773
2014-12-23,Squaw Creek Reservoir,0.0435
2014-12-24,Squaw Creek Reservoir,0.0337
2014-12-25,Squaw Creek Reservoir,0.0444
2014-12-26,Squaw Creek Reservoir,0.1874
2014-12-27,Squaw Creek Reservoir,0.0495
2014-12-28,Squaw Creek Reservoir,0.0557
2014-12-29,Squaw Creek Reservoir,0.0584
2014-12-30,Squaw Creek Reservoir,0.0593
2014-12-31,Squaw Creek Reservoir,0.057
2015-01-01,Squaw Creek Reservoir,0.0543
2015-01-02,Squaw Creek Reservoir,0.0521
2015-01-03,Squaw Creek Reservoir,0.0506
2015-01-04,Squaw Creek Reservoir,0.0491
2015-01-05,Squaw Creek Reservoir,0.0479
2015-01-06,Squaw Creek Reservoir,0.0464
2015-01-07,Squaw Creek Reservoir,0.0981
2015-01-08,Squaw Creek Reservoir,0.0742
2015-01-09,Squaw Creek Reservoir,0.0856
2015-01-10,Squaw Creek Reservoir,0.0502
2015-01-11,Squaw Creek Reservoir,0.0787
2015-01-12,Squaw Creek Reservoir,0.2021
2015-01-13,Squaw Creek Reservoir,0.1659
2015-01-14,Squaw Creek Reservoir,0.1241
2015-01-15,Squaw Creek Reservoir,0.1346
2015-01-16,Squaw Creek Reservoir,0.136
2015-01-17,Squaw Creek Reservoir,0.1366
2015-01-18,Squaw Creek Reservoir,0.1291
2015-01-19,Squaw Creek Reservoir,0.1183
2015-01-20,Squaw Creek Reservoir,0.1081
2015-01-21,Squaw Creek Reservoir,0.0984
2015-01-22,Squaw Creek Reservoir,0.09
2015-01-23,Squaw Creek Reservoir,0.0833
2015-01-24,Squaw Creek Reservoir,0.079
2015-01-25,Squaw Creek Reservoir,0.0762
2015-01-26,Squaw Creek Reservoir,0.0733
2015-01-27,Squaw Creek Reservoir,0.0712
2015-01-28,Squaw Creek Reservoir,0.0664
2015-01-29,Squaw Creek Reservoir,0.062
2015-01-30,Squaw Creek Reservoir,0.0589
2015-01-31,Squaw Creek Reservoir,0.0897
2015-02-01,Squaw Creek Reservoir,0.0553
2015-02-02,Squaw Creek Reservoir,0.0546
2015-02-03,Squaw Creek Reservoir,0.0534
2015-02-04,Squaw Creek Reservoir,0.0517
2015-02-05,Squaw Creek Reservoir,0.0493
2015-02-06,Squaw Creek Reservoir,0.0473
2015-02-07,Squaw Creek Reservoir,0.046
2015-02-08,Squaw Creek Reservoir,0.0441
2015-02-09,Squaw Creek Reservoir,0.0417
2015-02-10,Squaw Creek Reservoir,0.0399
2015-02-11,Squaw Creek Reservoir,0.0388
2015-02-12,Squaw Creek Reservoir,0.0378
2015-02-13,Squaw Creek Reservoir,0.0366
2015-02-14,Squaw Creek Reservoir,0.0358
2015-02-15,Squaw Creek Reservoir,0.1385
2015-02-16,Squaw Creek Reservoir,0.2252
2015-02-17,Squaw Creek Reservoir,0.0643
2015-02-18,Squaw Creek Reservoir,0.1171
2015-02-19,Squaw Creek Reservoir,0.0864
2015-02-20,Squaw Creek Reservoir,0.092
2015-02-21,Squaw Creek Reservoir,0.0875
2015-02-22,Squaw Creek Reservoir,0.0815
2015-02-23,Squaw Creek Reservoir,0.0752
2015-02-24,Squaw Creek Reservoir,0.0696
2015-02-25,Squaw Creek Reservoir,0.0645
2015-02-26,Squaw Creek Reservoir,0.0596
2015-02-27,Squaw Creek Reservoir,0.055
2015-02-28,Squaw Creek Reservoir,0.0509
2015-03-01,Squaw Creek Reservoir,0.0486
2015-03-02,Squaw Creek Reservoir,0.0748
2015-03-03,Squaw Creek Reservoir,0.0519
2015-03-04,Squaw Creek Reservoir,0.2826
2015-03-05,Squaw Creek Reservoir,0.1372
2015-03-06,Squaw Creek Reservoir,0.1629
2015-03-07,Squaw Creek Reservoir,0.1313
2015-03-08,Squaw Creek Reservoir,0.1267
2015-03-09,Squaw Creek Reservoir,0.1153
2015-03-10,Squaw Creek Reservoir,0.2949
2015-03-11,Squaw Creek Reservoir,0.4539
2015-03-12,Squaw Creek Reservoir,0.3774
2015-03-13,Squaw Creek Reservoir,0.3587
2015-03-14,Squaw Creek Reservoir,0.3034
2015-03-15,Squaw Creek Reservoir,0.2566
2015-03-16,Squaw Creek Reservoir,0.2169
2015-03-17,Squaw Creek Reservoir,0.1866
2015-03-18,Squaw Creek Reservoir,0.1655
2015-03-19,Squaw Creek Reservoir,0.1497
2015-03-20,Squaw Creek Reservoir,0.1485
2015-03-21,Squaw Creek Reservoir,0.1246
2015-03-22,Squaw Creek Reservoir,0.114
2015-03-23,Squaw Creek Reservoir,0.1173
2015-03-24,Squaw Creek Reservoir,0.1478
2015-03-25,Squaw Creek Reservoir,0.2044
2015-03-26,Squaw Creek Reservoir,0.1234
2015-03-27,Squaw Creek Reservoir,0.1253
2015-03-28,Squaw Creek Reservoir,0.1154
2015-03-29,Squaw Creek Reservoir,0.1038
2015-03-30,Squaw Creek Reservoir,0.0945
2015-03-31,Squaw Creek Reservoir,0.0876
2015-04-01,Squaw Creek Reservoir,0.0807
2015-04-02,Squaw Creek Reservoir,0.0747
2015-04-03,Squaw Creek Reservoir,0.07
2015-04-04,Squaw Creek Reservoir,0.0661
2015-04-05,Squaw Creek Reservoir,0.0621
2015-04-06,Squaw Creek Reservoir,0.0586
2015-04-07,Squaw Creek Reservoir,0.0558
2015-04-08,Squaw Creek Reservoir,0.0532
2015-04-09,Squaw Creek Reservoir,0.0524
2015-04-10,Squaw Creek Reservoir,0.0492
2015-04-11,Squaw Creek Reservoir,0.0651
2015-04-12,Squaw Creek Reservoir,0.0463
2015-04-13,Squaw Creek Reservoir,0.0446
2015-04-14,Squaw Creek Reservoir,0.0434
2015-04-15,Squaw Creek Reservoir,0.0421
2015-04-16,Squaw Creek Reservoir,0.0409
2015-04-17,Squaw Creek Reservoir,0.0398
2015-04-18,Squaw Creek Reservoir,0.0388
2015-04-19,Squaw Creek Reservoir,0.0379
2015-04-20,Squaw Creek Reservoir,0.0369
2015-04-21,Squaw Creek Reservoir,0.036
2015-04-22,Squaw Creek Reservoir,0.0352
2015-04-23,Squaw Creek Reservoir,0.0343
2015-04-24,Squaw Creek Reservoir,0.0336
2015-04-25,Squaw Creek Reservoir,0.0329
2015-04-26,Squaw Creek Reservoir,0.053
2015-04-27,Squaw Creek Reservoir,0.2031
2015-04-28,Squaw Creek Reservoir,0.4956
2015-04-29,Squaw Creek Reservoir,0.0784
2015-04-30,Squaw Creek Reservoir,0.0959
2015-05-01,Squaw Creek Reservoir,0.1085
2015-05-02,Squaw Creek Reservoir,0.0991
2015-05-03,Squaw Creek Reservoir,0.0891
2015-05-04,Squaw Creek Reservoir,0.0784
2015-05-05,Squaw Creek Reservoir,0.0694
2015-05-06,Squaw Creek Reservoir,0.062
2015-05-07,Squaw Creek Reservoir,0.067
2015-05-08,Squaw Creek Reservoir,0.0524
2015-05-09,Squaw Creek Reservoir,0.0538
2015-05-10,Squaw Creek Reservoir,0.0467
2015-05-11,Squaw Creek Reservoir,0.0704
2015-05-12,Squaw Creek Reservoir,0.0429
2015-05-13,Squaw Creek Reservoir,0.0412
2015-05-14,Squaw Creek Reservoir,0.0395
2015-05-15,Squaw Creek Reservoir,0.0379
2015-05-16,Squaw Creek Reservoir,0.0448
2015-05-17,Squaw Creek Reservoir,0.0757
2015-05-18,Squaw Creek Reservoir,0.0526
2015-05-19,Squaw Creek Reservoir,0.034
2015-05-20,Squaw Creek Reservoir,0.0332
2015-05-21,Squaw Creek Reservoir,0.0324
2015-05-22,Squaw Creek Reservoir,0.0315
2015-05-23,Squaw Creek Reservoir,0.0353
2015-05-24,Squaw Creek Reservoir,0.03
2015-05-25,Squaw Creek Reservoir,0.0312
2015-05-26,Squaw Creek Reservoir,0.0718
2015-05-27,Squaw Creek Reservoir,0.0685
2015-05-28,Squaw Creek Reservoir,0.0277
2015-05-29,Squaw Creek Reservoir,0.0276
2015-05-30,Squaw Creek Reservoir,0.0274
2015-05-31,Squaw Creek Reservoir,0.0264
2015-06-01,Squaw Creek Reservoir,0.026
2015-06-02,Squaw Creek Reservoir,0.0257
2015-06-03,Squaw Creek Reservoir,0.0253
2015-06-04,Squaw Creek Reservoir,0.025
2015-06-05,Squaw Creek Reservoir,0.0246
2015-06-06,Squaw Creek Reservoir,0.0243
2015-06-07,Squaw Creek Reservoir,0.024
2015-06-08,Squaw Creek Reservoir,0.0237
2015-06-09,Squaw Creek Reservoir,0.0235
2015-06-10,Squaw Creek Reservoir,0.0232
2015-06-11,Squaw Creek Reservoir,0.023
2015-06-12,Squaw Creek Reservoir,0.0227
2015-06-13,Squaw Creek Reservoir,0.0228
2015-06-14,Squaw Creek Reservoir,0.0657
2015-06-15,Squaw Creek Reservoir,0.0228
2015-06-16,Squaw Creek Reservoir,0.0221
2015-06-17,Squaw Creek Reservoir,0.0216
2015-06-18,Squaw Creek Reservoir,0.0214
2015-06-19,Squaw Creek Reservoir,0.0212
2015-06-20,Squaw Creek Reservoir,0.1677
2015-06-21,Squaw Creek Reservoir,0.0383
2015-06-22,Squaw Creek Reservoir,0.0294
2015-06-23,Squaw Creek Reservoir,0.8894
2015-06-24,Squaw Creek Reservoir,0.3859
2015-06-25,Squaw Creek Reservoir,0.1648
2015-06-26,Squaw Creek Reservoir,0.1
2015-06-27,Squaw Creek Reservoir,0.1115
2015-06-28,Squaw Creek Reservoir,0.0662
2015-06-29,Squaw Creek Reservoir,0.0845
2015-06-30,Squaw Creek Reservoir,0.1074
2015-07-01,Squaw Creek Reservoir,0.0523
2015-07-02,Squaw Creek Reservoir,0.0451
2015-07-03,Squaw Creek Reservoir,0.0409
2015-07-04,Squaw Creek Reservoir,0.0377
2015-07-05,Squaw Creek Reservoir,0.0352
2015-07-06,Squaw Creek Reservoir,0.0332
2015-07-07,Squaw Creek Reservoir,0.0315
2015-07-08,Squaw Creek Reservoir,0.03
2015-07-09,Squaw Creek Reservoir,0.0288
2015-07-10,Squaw Creek Reservoir,0.0283
2015-07-11,Squaw Creek Reservoir,0.0267
2015-07-12,Squaw Creek Reservoir,0.0808
2015-07-13,Squaw Creek Reservoir,0.0764
2015-07-14,Squaw Creek Reservoir,0.0364
2015-07-15,Squaw Creek Reservoir,0.0241
2015-07-16,Squaw Creek Reservoir,0.0235
2015-07-17,Squaw Creek Reservoir,0.0227
2015-07-18,Squaw Creek Reservoir,0.0221
2015-07-19,Squaw Creek Reservoir,0.0233
2015-07-20,Squaw Creek Reservoir,0.0211
2015-07-21,Squaw Creek Reservoir,0.0207
2015-07-22,Squaw Creek Reservoir,0.0202
2015-07-23,Squaw Creek Reservoir,0.0531
2015-07-24,Squaw Creek Reservoir,0.0196
2015-07-25,Squaw Creek Reservoir,0.0198
2015-07-26,Squaw Creek Reservoir,0.0189
2015-07-27,Squaw Creek Reservoir,0.0186
2015-07-28,Squaw Creek Reservoir,0.0183
2015-07-29,Squaw Creek Reservoir,0.0182
2015-07-30,Squaw Creek Reservoir,0.0177
2015-07-31,Squaw Creek Reservoir,0.0175
2015-08-01,Squaw Creek Reservoir,0.0174
2015-08-02,Squaw Creek Reservoir,0.0186
2015-08-03,Squaw Creek Reservoir,0.031
2015-08-04,Squaw Creek Reservoir,0.0275
2015-08-05,Squaw Creek Reservoir,0.0194
2015-08-06,Squaw Creek Reservoir,0.0167
2015-08-07,Squaw Creek Reservoir,0.0164
2015-08-08,Squaw Creek Reservoir,0.0331
2015-08-09,Squaw Creek Reservoir,0.0162
2015-08-10,Squaw Creek Reservoir,0.0233
2015-08-11,Squaw Creek Reservoir,0.0196
2015-08-12,Squaw Creek Reservoir,0.0161
2015-08-13,Squaw Creek Reservoir,0.0156
2015-08-14,Squaw Creek Reservoir,0.0156
2015-08-15,Squaw Creek Reservoir,0.0166
2015-08-16,Squaw Creek Reservoir,0.0284
2015-08-17,Squaw Creek Reservoir,0.0558
2015-08-18,Squaw Creek Reservoir,0.0444
2015-08-19,Squaw Creek Reservoir,0.0235
2015-08-20,Squaw Creek Reservoir,0.0201
2015-08-21,Squaw Creek Reservoir,0.017
2015-08-22,Squaw Creek Reservoir,0.0192
2015-08-23,Squaw Creek Reservoir,0.0183
2015-08-24,Squaw Creek Reservoir,0.0144
2015-08-25,Squaw Creek Reservoir,0.0432
2015-08-26,Squaw Creek Reservoir,0.0169
2015-08-27,Squaw Creek Reservoir,0.015
2015-08-28,Squaw Creek Reservoir,0.0144
2015-08-29,Squaw Creek Reservoir,0.0142
2015-08-30,Squaw Creek Reservoir,0.0141
2015-08-31,Squaw Creek Reservoir,0.014
2015-09-01,Squaw Creek Reservoir,0.0138
2015-09-02,Squaw Creek Reservoir,0.0146
2015-09-03,Squaw Creek Reservoir,0.0136
2015-09-04,Squaw Creek Reservoir,0.0136
2015-09-05,Squaw Creek Reservoir,0.0134
2015-09-06,Squaw Creek Reservoir,0.0222
2015-09-07,Squaw Creek Reservoir,0.0133
2015-09-08,Squaw Creek Reservoir,0.039
2015-09-09,Squaw Creek Reservoir,0.0267
2015-09-10,Squaw Creek Reservoir,0.1331
2015-09-11,Squaw Creek Reservoir,0.0802
2015-09-12,Squaw Creek Reservoir,0.059
2015-09-13,Squaw Creek Reservoir,0.234
2015-09-14,Squaw Creek Reservoir,0.0772
2015-09-15,Squaw Creek Reservoir,0.0645
2015-09-16,Squaw Creek Reservoir,0.0527
2015-09-17,Squaw Creek Reservoir,0.0436
2015-09-18,Squaw Creek Reservoir,0.0378
2015-09-19,Squaw Creek Reservoir,0.0337
2015-09-20,Squaw Creek Reservoir,0.0306
2015-09-21,Squaw Creek Reservoir,0.0281
2015-09-22,Squaw Creek Reservoir,0.026
2015-09-23,Squaw Creek Reservoir,0.0243
2015-09-24,Squaw Creek Reservoir,0.023
2015-09-25,Squaw Creek Reservoir,0.0226
2015-09-26,Squaw Creek Reservoir,0.0237
2015-09-27,Squaw Creek Reservoir,0.0211
2015-09-28,Squaw Creek Reservoir,0.0189
2015-09-29,Squaw Creek Reservoir,0.0181
2015-09-30,Squaw Creek Reservoir,0.0175
2015-10-01,Squaw Creek Reservoir,0.0169
2015-10-02,Squaw Creek Reservoir,0.0164
2015-10-03,Squaw Creek Reservoir,0.0159
2015-10-04,Squaw Creek Reservoir,0.0154
2015-10-05,Squaw Creek Reservoir,0.015
2015-10-06,Squaw Creek Reservoir,0.0147
2015-10-07,Squaw Creek Reservoir,0.0222
2015-10-08,Squaw Creek Reservoir,0.0165
2015-10-09,Squaw Creek Reservoir,0.0136
2015-10-10,Squaw Creek Reservoir,0.0133
2015-10-11,Squaw Creek Reservoir,0.013
2015-10-12,Squaw Creek Reservoir,0.0128
2015-10-13,Squaw Creek Reservoir,0.0125
2015-10-14,Squaw Creek Reservoir,0.0123
2015-10-15,Squaw Creek Reservoir,0.0175
2015-10-16,Squaw Creek Reservoir,0.0151
2015-10-17,Squaw Creek Reservoir,0.0117
2015-10-18,Squaw Creek Reservoir,0.0116
2015-10-19,Squaw Creek Reservoir,0.0114
2015-10-20,Squaw Creek Reservoir,0.0113
2015-10-21,Squaw Creek Reservoir,0.0112
2015-10-22,Squaw Creek Reservoir,0.0111
2015-10-23,Squaw Creek Reservoir,0.011
2015-10-24,Squaw Creek Reservoir,0.0109
2015-10-25,Squaw Creek Reservoir,0.0108
2015-10-26,Squaw Creek Reservoir,0.0107
2015-10-27,Squaw Creek Reservoir,0.0106
2015-10-28,Squaw Creek Reservoir,0.0105
2015-10-29,Squaw Creek Reservoir,0.0104
2015-10-30,Squaw Creek Reservoir,0.0104
2015-10-31,Squaw Creek Reservoir,0.0103
2015-11-01,Squaw Creek Reservoir,0.0103
2015-11-02,Squaw Creek Reservoir,0.0102
2015-11-03,Squaw Creek Reservoir,0.0102
2015-11-04,Squaw Creek Reservoir,0.0101
2015-11-05,Squaw Creek Reservoir,0.01
2015-11-06,Squaw Creek Reservoir,0.01
2015-11-07,Squaw Creek Reservoir,0.0099
2015-11-08,Squaw Creek Reservoir,0.0099
2015-11-09,Squaw Creek Reservoir,0.0098
2015-11-10,Squaw Creek Reservoir,0.0097
2015-11-11,Squaw Creek Reservoir,0.0101
2015-11-12,Squaw Creek Reservoir,0.0196
2015-11-13,Squaw Creek Reservoir,0.0096
2015-11-14,Squaw Creek Reservoir,0.0095
2015-11-15,Squaw Creek Reservoir,0.0458
2015-11-16,Squaw Creek Reservoir,0.0094
2015-11-17,Squaw Creek Reservoir,0.0094
2015-11-18,Squaw Creek Reservoir,0.0095
2015-11-19,Squaw Creek Reservoir,0.0254
2015-11-20,Squaw Creek Reservoir,0.0304
2015-11-21,Squaw Creek Reservoir,0.0787
2015-11-22,Squaw Creek Reservoir,0.0475
2015-11-23,Squaw Creek Reservoir,0.0272
2015-11-24,Squaw Creek Reservoir,0.009
2015-11-25,Squaw Creek Reservoir,0.01
2015-11-26,Squaw Creek Reservoir,0.0193
2015-11-27,Squaw Creek Reservoir,0.0282
2015-11-28,Squaw Creek Reservoir,0.009
2015-11-29,Squaw Creek Reservoir,0.0106
2015-11-30,Squaw Creek Reservoir,0.0093
2015-12-01,Squaw Creek Reservoir,0.0095
2015-12-02,Squaw Creek Reservoir,0.0098
2015-12-03,Squaw Creek Reservoir,0.0186
2015-12-04,Squaw Creek Reservoir,0.0445
2015-12-05,Squaw Creek Reservoir,0.0364
2015-12-06,Squaw Creek Reservoir,0.0108
2015-12-07,Squaw Creek Reservoir,0.0673
2015-12-08,Squaw Creek Reservoir,0.0295
2015-12-09,Squaw Creek Reservoir,0.0164
2015-12-10,Squaw Creek Reservoir,0.0184
2015-12-11,Squaw Creek Reservoir,0.018
2015-12-12,Squaw Creek Reservoir,0.0171
2015-12-13,Squaw Creek Reservoir,0.0166
2015-12-14,Squaw Creek Reservoir,0.0157
2015-12-15,Squaw Creek Reservoir,0.0148
2015-12-16,Squaw Creek Reservoir,0.0142
2015-12-17,Squaw Creek Reservoir,0.0136
2015-12-18,Squaw Creek Reservoir,0.0148
2015-12-19,Squaw Creek Reservoir,0.0167
2015-12-20,Squaw Creek Reservoir,0.0123
2015-12-21,Squaw Creek Reservoir,0.0119
2015-12-22,Squaw Creek Reservoir,0.0116
2015-12-23,Squaw Creek Reservoir,0.0112
2015-12-24,Squaw Creek Reservoir,0.0109
2015-12-25,Squaw Creek Reservoir,0.0106
2015-12-26,Squaw Creek Reservoir,0.0104
2015-12-27,Squaw Creek Reservoir,0.0102
2015-12-28,Squaw Creek Reservoir,0.01
2015-12-29,Squaw Creek Reservoir,0.0097
2015-12-30,Squaw Creek Reservoir,0.0098
2015-12-31,Squaw Creek Reservoir,0.0093
2016-01-01,Squaw Creek Reservoir,0.0109
2016-01-02,Squaw Creek Reservoir,0.0093
2016-01-03,Squaw Creek Reservoir,0.0091
2016-01-04,Squaw Creek Reservoir,0.0088
2016-01-05,Squaw Creek Reservoir,0.0087
2016-01-06,Squaw Creek Reservoir,0.0086
2016-01-07,Squaw Creek Reservoir,0.0085
2016-01-08,Squaw Creek Reservoir,0.0084
2016-01-09,Squaw Creek Reservoir,0.0084
2016-01-10,Squaw Creek Reservoir,0.01
2016-01-11,Squaw Creek Reservoir,0.0092
2016-01-12,Squaw Creek Reservoir,0.0081
2016-01-13,Squaw Creek Reservoir,0.0081
2016-01-14,Squaw Creek Reservoir,0.0153
2016-01-15,Squaw Creek Reservoir,0.0148
2016-01-16,Squaw Creek Reservoir,0.0156
2016-01-17,Squaw Creek Reservoir,0.0278
2016-01-18,Squaw Creek Reservoir,0.0108
2016-01-19,Squaw Creek Reservoir,0.0085
2016-01-20,Squaw Creek Reservoir,0.0078
2016-01-21,Squaw Creek Reservoir,0.0078
2016-01-22,Squaw Creek Reservoir,0.0077
2016-01-23,Squaw Creek Reservoir,0.0077
2016-01-24,Squaw Creek Reservoir,0.0078
2016-01-25,Squaw Creek Reservoir,0.0078
2016-01-26,Squaw Creek Reservoir,0.008
2016-01-27,Squaw Creek Reservoir,0.0075
2016-01-28,Squaw Creek Reservoir,0.0075
2016-01-29,Squaw Creek Reservoir,0.0074
2016-01-30,Squaw Creek Reservoir,0.0074
2016-01-31,Squaw Creek Reservoir,0.0074
2016-02-01,Squaw Creek Reservoir,0.0076
2016-02-02,Squaw Creek Reservoir,0.014
2016-02-03,Squaw Creek Reservoir,0.0103
2016-02-04,Squaw Creek Reservoir,0.0074
2016-02-05,Squaw Creek Reservoir,0.011
2016-02-06,Squaw Creek Reservoir,0.0071
2016-02-07,Squaw Creek Reservoir,0.0071
2016-02-08,Squaw Creek Reservoir,0.0071
2016-02-09,Squaw Creek Reservoir,0.007
2016-02-10,Squaw Creek Reservoir,0.007
2016-02-11,Squaw Creek Reservoir,0.0069
2016-02-12,Squaw Creek Reservoir,0.0248
2016-02-13,Squaw Creek Reservoir,0.2167
2016-02-14,Squaw Creek Reservoir,0.3607
2016-02-15,Squaw Creek Reservoir,0.083
2016-02-16,Squaw Creek Reservoir,0.079
2016-02-17,Squaw Creek Reservoir,0.0591
2016-02-18,Squaw Creek Reservoir,0.0466
2016-02-19,Squaw Creek Reservoir,0.0385
2016-02-20,Squaw Creek Reservoir,0.0329
2016-02-21,Squaw Creek Reservoir,0.0467
2016-02-22,Squaw Creek Reservoir,0.0256
2016-02-23,Squaw Creek Reservoir,0.0666
2016-02-24,Squaw Creek Reservoir,0.0213
2016-02-25,Squaw Creek Reservoir,0.0198
2016-02-26,Squaw Creek Reservoir,0.0184
2016-02-27,Squaw Creek Reservoir,0.0171
2016-02-28,Squaw Creek Reservoir,0.0165
2016-02-29,Squaw Creek Reservoir,0.0156
2016-03-01,Squaw Creek Reservoir,0.0972
2016-03-02,Squaw Creek Reservoir,0.027
2016-03-03,Squaw Creek Reservoir,0.0144
2016-03-04,Squaw Creek Reservoir,0.0141
2016-03-05,Squaw Creek Reservoir,0.0134
2016-03-06,Squaw Creek Reservoir,0.0128
2016-03-07,Squaw Creek Reservoir,0.0123
2016-03-08,Squaw Creek Reservoir,0.0118
2016-03-09,Squaw Creek Reservoir,0.0114
2016-03-10,Squaw Creek Reservoir,0.011
2016-03-11,Squaw Creek Reservoir,0.0106
2016-03-12,Squaw Creek Reservoir,0.0103
2016-03-13,Squaw Creek Reservoir,0.01
2016-03-14,Squaw Creek Reservoir,0.0097
2016-03-15,Squaw Creek Reservoir,0.0096
2016-03-16,Squaw Creek Reservoir,0.0092
2016-03-17,Squaw Creek Reservoir,0.009
2016-03-18,Squaw Creek Reservoir,0.0177
2016-03-19,Squaw Creek Reservoir,0.0889
2016-03-20,Squaw Creek Reservoir,0.0086
2016-03-21,Squaw Creek Reservoir,0.0082
2016-03-22,Squaw Creek Reservoir,0.0146
2016-03-23,Squaw Creek Reservoir,0.1042
2016-03-24,Squaw Creek Reservoir,0.0112
2016-03-25,Squaw Creek Reservoir,0.0077
2016-03-26,Squaw Creek Reservoir,0.0189
2016-03-27,Squaw Creek Reservoir,0.0112
2016-03-28,Squaw Creek Reservoir,0.0075
2016-03-29,Squaw Creek Reservoir,0.0074
2016-03-30,Squaw Creek Reservoir,0.2184
2016-03-31,Squaw Creek Reservoir,0.0106
2016-04-01,Squaw Creek Reservoir,0.0087
2016-04-02,Squaw Creek Reservoir,0.0096
2016-04-03,Squaw Creek Reservoir,0.0097
2016-04-04,Squaw Creek Reservoir,0.0174
2016-04-05,Squaw Creek Reservoir,0.0107
2016-04-06,Squaw Creek Reservoir,0.0091
2016-04-07,Squaw Creek Reservoir,0.0089
2016-04-08,Squaw Creek Reservoir,0.0133
2016-04-09,Squaw Creek Reservoir,0.1063
2016-04-10,Squaw Creek Reservoir,0.0992
2016-04-11,Squaw Creek Reservoir,0.0732
2016-04-12,Squaw Creek Reservoir,0.0151
2016-04-13,Squaw Creek Reservoir,0.0155
2016-04-14,Squaw Creek Reservoir,0.015
2016-04-15,Squaw Creek Reservoir,0.0143
2016-04-16,Squaw Creek Reservoir,0.0137
2016-04-17,Squaw Creek Reservoir,0.0132
2016-04-18,Squaw Creek Reservoir,0.255
2016-04-19,Squaw Creek Reservoir,0.0262
2016-04-20,Squaw Creek Reservoir,0.0191
2016-04-21,Squaw Creek Reservoir,0.0184
2016-04-22,Squaw Creek Reservoir,0.0175
2016-04-23,Squaw Creek Reservoir,0.0176
2016-04-24,Squaw Creek Reservoir,0.0785
2016-04-25,Squaw Creek Reservoir,0.0206
2016-04-26,Squaw Creek Reservoir,0.0237
2016-04-27,Squaw Creek Reservoir,0.0204
2016-04-28,Squaw Creek Reservoir,0.02
2016-04-29,Squaw Creek Reservoir,0.0193
2016-04-30,Squaw Creek Reservoir,0.0183
2016-05-01,Squaw Creek Reservoir,0.0253
2016-05-02,Squaw Creek Reservoir,0.0162
2016-05-03,Squaw Creek Reservoir,0.0152
2016-05-04,Squaw Creek Reservoir,0.0144
2016-05-05,Squaw Creek Reservoir,0.0222
2016-05-06,Squaw Creek Reservoir,0.0134
2016-05-07,Squaw Creek Reservoir,0.0125
2016-05-08,Squaw Creek Reservoir,0.012
2016-05-09,Squaw Creek Reservoir,0.0115
2016-05-10,Squaw Creek Reservoir,0.0111
2016-05-11,Squaw Creek Reservoir,0.0124
2016-05-12,Squaw Creek Reservoir,0.0635
2016-05-13,Squaw Creek Reservoir,0.0102
2016-05-14,Squaw Creek Reservoir,0.01
2016-05-15,Squaw Creek Reservoir,0.0098
2016-05-16,Squaw Creek Reservoir,0.01
2016-05-17,Squaw Creek Reservoir,0.0112
2016-05-18,Squaw Creek Reservoir,0.0098
2016-05-19,Squaw Creek Reservoir,0.0165
2016-05-20,Squaw Creek Reservoir,0.0222
2016-05-21,Squaw Creek Reservoir,0.0095
2016-05-22,Squaw Creek Reservoir,0.0672
2016-05-23,Squaw Creek Reservoir,0.0109
2016-05-24,Squaw Creek Reservoir,0.0089
2016-05-25,Squaw Creek Reservoir,0.0168
2016-05-26,Squaw Creek Reservoir,0.0088
2016-05-27,Squaw Creek Reservoir,0.0088
2016-05-28,Squaw Creek Reservoir,0.0087
2016-05-29,Squaw Creek Reservoir,0.0087
2016-05-30,Squaw Creek Reservoir,0.0086
2016-05-31,Squaw Creek Reservoir,0.0086
2016-06-01,Squaw Creek Reservoir,0.0086
2016-06-02,Squaw Creek Reservoir,0.0085
2016-06-03,Squaw Creek Reservoir,0.0085
2016-06-04,Squaw Creek Reservoir,0.0084
2016-06-05,Squaw Creek Reservoir,0.0191
2016-06-06,Squaw Creek Reservoir,0.0087
2016-06-07,Squaw Creek Reservoir,0.0083
2016-06-08,Squaw Creek Reservoir,0.0156
2016-06-09,Squaw Creek Reservoir,0.0137
2016-06-10,Squaw Creek Reservoir,0.0159
2016-06-11,Squaw Creek Reservoir,0.0164
2016-06-12,Squaw Creek Reservoir,0.2286
2016-06-13,Squaw Creek Reservoir,0.0082
2016-06-14,Squaw Creek Reservoir,0.0187
2016-06-15,Squaw Creek Reservoir,0.0081
2016-06-16,Squaw Creek Reservoir,0.0082
2016-06-17,Squaw Creek Reservoir,0.0084
2016-06-18,Squaw Creek Reservoir,0.0082
2016-06-19,Squaw Creek Reservoir,0.0081
2016-06-20,Squaw Creek Reservoir,0.0081
2016-06-21,Squaw Creek Reservoir,0.0081
2016-06-22,Squaw Creek Reservoir,0.0081
2016-06-23,Squaw Creek Reservoir,0.0082
2016-06-24,Squaw Creek Reservoir,0.0082
2016-06-25,Squaw Creek Reservoir,0.0082
2016-06-26,Squaw Creek Reservoir,0.0082
2016-06-27,Squaw Creek Reservoir,0.0082
2016-06-28,Squaw Creek Reservoir,0.0081
2016-06-29,Squaw Creek Reservoir,0.0081
2016-06-30,Squaw Creek Reservoir,0.008
2016-07-01,Squaw Creek Reservoir,0.0079
2016-07-02,Squaw Creek Reservoir,0.0079
2016-07-03,Squaw Creek Reservoir,0.0078
2016-07-04,Squaw Creek Reservoir,0.0078
2016-07-05,Squaw Creek Reservoir,0.0079
2016-07-06,Squaw Creek Reservoir,0.0104
2016-07-07,Squaw Creek Reservoir,0.0082
2016-07-08,Squaw Creek Reservoir,0.0157
2016-07-09,Squaw Creek Reservoir,0.0078
2016-07-10,Squaw Creek Reservoir,0.0076
2016-07-11,Squaw Creek Reservoir,0.0077
2016-07-12,Squaw Creek Reservoir,0.0385
2016-07-13,Squaw Creek Reservoir,0.0626
2016-07-14,Squaw Creek Reservoir,0.0106
2016-07-15,Squaw Creek Reservoir,0.0077
2016-07-16,Squaw Creek Reservoir,0.0074
2016-07-17,Squaw Creek Reservoir,0.0074
2016-07-18,Squaw Creek Reservoir,0.0073
2016-07-19,Squaw Creek Reservoir,0.0077
2016-07-20,Squaw Creek Reservoir,0.0073
2016-07-21,Squaw Creek Reservoir,0.0073
2016-07-22,Squaw Creek Reservoir,0.0076
2016-07-23,Squaw Creek Reservoir,0.0074
2016-07-24,Squaw Creek Reservoir,0.0081
2016-07-25,Squaw Creek Reservoir,0.0071
2016-07-26,Squaw Creek Reservoir,0.008
2016-07-27,Squaw Creek Reservoir,0.0084
2016-07-28,Squaw Creek Reservoir,0.007
2016-07-29,Squaw Creek Reservoir,0.0069
2016-07-30,Squaw Creek Reservoir,0.0069
2016-07-31,Squaw Creek Reservoir,0.0069
2016-08-01,Squaw Creek Reservoir,0.0068
2016-08-02,Squaw Creek Reservoir,0.0068
2016-08-03,Squaw Creek Reservoir,0.0068
2016-08-04,Squaw Creek Reservoir,0.0067
2016-08-05,Squaw Creek Reservoir,0.0067
2016-08-06,Squaw Creek Reservoir,0.0077
2016-08-07,Squaw Creek Reservoir,0.0111
2016-08-08,Squaw Creek Reservoir,0.0066
2016-08-09,Squaw Creek Reservoir,0.0065
2016-08-10,Squaw Creek Reservoir,0.0065
2016-08-11,Squaw Creek Reservoir,0.0064
2016-08-12,Squaw Creek Reservoir,0.0064
2016-08-13,Squaw Creek Reservoir,0.0064
2016-08-14,Squaw Creek Reservoir,0.0064
2016-08-15,Squaw Creek Reservoir,0.0063
2016-08-16,Squaw Creek Reservoir,0.0063
2016-08-17,Squaw Creek Reservoir,0.0063
2016-08-18,Squaw Creek Reservoir,0.0484
2016-08-19,Squaw Creek Reservoir,0.0452
2016-08-20,Squaw Creek Reservoir,0.0065
2016-08-21,Squaw Creek Reservoir,0.0249
2016-08-22,Squaw Creek Reservoir,0.0069
2016-08-23,Squaw Creek Reservoir,0.0112
2016-08-24,Squaw Creek Reservoir,0.009
2016-08-25,Squaw Creek Reservoir,0.0059
2016-08-26,Squaw Creek Reservoir,0.0059
2016-08-27,Squaw Creek Reservoir,0.0059
2016-08-28,Squaw Creek Reservoir,0.0058
2016-08-29,Squaw Creek Reservoir,0.0072
2016-08-30,Squaw Creek Reservoir,0.0058
2016-08-31,Squaw Creek Reservoir,0.0057
2016-09-01,Squaw Creek Reservoir,0.0057
2016-09-02,Squaw Creek Reservoir,0.1063
2016-09-03,Squaw Creek Reservoir,0.0059
2016-09-04,Squaw Creek Reservoir,0.0056
2016-09-05,Squaw Creek Reservoir,0.0056
2016-09-06,Squaw Creek Reservoir,0.0056
2016-09-07,Squaw Creek Reservoir,0.0055
2016-09-08,Squaw Creek Reservoir,0.0055
2016-09-09,Squaw Creek Reservoir,0.0055
2016-09-10,Squaw Creek Reservoir,0.0054
2016-09-11,Squaw Creek Reservoir,0.0054
2016-09-12,Squaw Creek Reservoir,0.0054
2016-09-13,Squaw Creek Reservoir,0.0054
2016-09-14,Squaw Creek Reservoir,0.0181
2016-09-15,Squaw Creek Reservoir,0.0056
2016-09-16,Squaw Creek Reservoir,0.0053
2016-09-17,Squaw Creek Reservoir,0.0052
2016-09-18,Squaw Creek Reservoir,0.0052
2016-09-19,Squaw Creek Reservoir,0.0052
2016-09-20,Squaw Creek Reservoir,0.0052
2016-09-21,Squaw Creek Reservoir,0.0051
2016-09-22,Squaw Creek Reservoir,0.0051
2016-09-23,Squaw Creek Reservoir,0.0051
2016-09-24,Squaw Creek Reservoir,0.0051
2016-09-25,Squaw Creek Reservoir,0.0397
2016-09-26,Squaw Creek Reservoir,0.005
2016-09-27,Squaw Creek Reservoir,0.005
2016-09-28,Squaw Creek Reservoir,0.0049
2016-09-29,Squaw Creek Reservoir,0.0049
2016-09-30,Squaw Creek Reservoir,0.0049
2016-10-01,Squaw Creek Reservoir,0.0049
2016-10-02,Squaw Creek Reservoir,0.0048
2016-10-03,Squaw Creek Reservoir,0.0048
2016-10-04,Squaw Creek Reservoir,0.0048
2016-10-05,Squaw Creek Reservoir,0.0069
2016-10-06,Squaw Creek Reservoir,0.0119
2016-10-07,Squaw Creek Reservoir,0.0047
2016-10-08,Squaw Creek Reservoir,0.0047
2016-10-09,Squaw Creek Reservoir,0.0046
2016-10-10,Squaw Creek Reservoir,0.0046
2016-10-11,Squaw Creek Reservoir,0.0046
2016-10-12,Squaw Creek Reservoir,0.0046
2016-10-13,Squaw Creek Reservoir,0.0046
2016-10-14,Squaw Creek Reservoir,0.0131
2016-10-15,Squaw Creek Reservoir,0.0812
2016-10-16,Squaw Creek Reservoir,0.0045
2016-10-17,Squaw Creek Reservoir,0.0044
2016-10-18,Squaw Creek Reservoir,0.0044
2016-10-19,Squaw Creek Reservoir,0.0044
2016-10-20,Squaw Creek Reservoir,0.0044
2016-10-21,Squaw Creek Reservoir,0.0043
2016-10-22,Squaw Creek Reservoir,0.0043
2016-10-23,Squaw Creek Reservoir,0.0043
2016-10-24,Squaw Creek Reservoir,0.0045
2016-10-25,Squaw Creek Reservoir,0.0043
2016-10-26,Squaw Creek Reservoir,0.0042
2016-10-27,Squaw Creek Reservoir,0.0042
2016-10-28,Squaw Creek Reservoir,0.0042
2016-10-29,Squaw Creek Reservoir,0.1508
2016-10-30,Squaw Creek Reservoir,0.0041
2016-10-31,Squaw Creek Reservoir,0.0041
2016-11-01,Squaw Creek Reservoir,0.0041
2016-11-02,Squaw Creek Reservoir,0.0046
2016-11-03,Squaw Creek Reservoir,0.0056
2016-11-04,Squaw Creek Reservoir,0.0041
2016-11-05,Squaw Creek Reservoir,0.0119
2016-11-06,Squaw Creek Reservoir,0.0053
2016-11-07,Squaw Creek Reservoir,0.004
2016-11-08,Squaw Creek Reservoir,0.0043
2016-11-09,Squaw Creek Reservoir,0.004
2016-11-10,Squaw Creek Reservoir,0.004
2016-11-11,Squaw Creek Reservoir,0.004
2016-11-12,Squaw Creek Reservoir,0.004
2016-11-13,Squaw Creek Reservoir,0.004
2016-11-14,Squaw Creek Reservoir,0.004
2016-11-15,Squaw Creek Reservoir,0.004
2016-11-16,Squaw Creek Reservoir,0.0535
2016-11-17,Squaw Creek Reservoir,0.0596
2016-11-18,Squaw Creek Reservoir,0.0891
2016-11-19,Squaw Creek Reservoir,0.0254
2016-11-20,Squaw Creek Reservoir,0.0209
2016-11-21,Squaw Creek Reservoir,0.0261
2016-11-22,Squaw Creek Reservoir,0.004
2016-11-23,Squaw Creek Reservoir,0.0089
2016-11-24,Squaw Creek Reservoir,0.0042
2016-11-25,Squaw Creek Reservoir,0.0042
2016-11-26,Squaw Creek Reservoir,0.0043
2016-11-27,Squaw Creek Reservoir,0.0044
2016-11-28,Squaw Creek Reservoir,0.0057
2016-11-29,Squaw Creek Reservoir,0.006
2016-11-30,Squaw Creek Reservoir,0.0045
2016-12-01,Squaw Creek Reservoir,0.0045
2016-12-02,Squaw Creek Reservoir,0.0046
2016-12-03,Squaw Creek Reservoir,0.0046
2016-12-04,Squaw Creek Reservoir,0.0084
2016-12-05,Squaw Creek Reservoir,0.0423
2016-12-06,Squaw Creek Reservoir,0.0795
2016-12-07,Squaw Creek Reservoir,0.1813
2016-12-08,Squaw Creek Reservoir,0.0051
2016-12-09,Squaw Creek Reservoir,0.0084
2016-12-10,Squaw Creek Reservoir,0.0111
2016-12-11,Squaw Creek Reservoir,0.0582
2016-12-12,Squaw Creek Reservoir,0.0351
2016-12-13,Squaw Creek Reservoir,0.0209
2016-12-14,Squaw Creek Reservoir,0.1774
2016-12-15,Squaw Creek Reservoir,0.1622
2016-12-16,Squaw Creek Reservoir,0.0703
2016-12-17,Squaw Creek Reservoir,0.0549
2016-12-18,Squaw Creek Reservoir,0.0476
2016-12-19,Squaw Creek Reservoir,0.0374
2016-12-20,Squaw Creek Reservoir,0.0318
2016-12-21,Squaw Creek Reservoir,0.0275
2016-12-22,Squaw Creek Reservoir,0.0243
2016-12-23,Squaw Creek Reservoir,0.0218
2016-12-24,Squaw Creek Reservoir,0.0198
2016-12-25,Squaw Creek Reservoir,0.0182
2016-12-26,Squaw Creek Reservoir,0.0169
2016-12-27,Squaw Creek Reservoir,0.0157
2016-12-28,Squaw Creek Reservoir,0.0147
2016-12-29,Squaw Creek Reservoir,0.0139
2016-12-30,Squaw Creek Reservoir,0.0131
2016-12-31,Squaw Creek Reservoir,0.0124
2017-01-01,Squaw Creek Reservoir,0.0119
2017-01-02,Squaw Creek Reservoir,0.0113
2017-01-03,Squaw Creek Reservoir,0.0109
2017-01-04,Squaw Creek Reservoir,0.0105
2017-01-05,Squaw Creek Reservoir,0.0103
2017-01-06,Squaw Creek Reservoir,0.0097
2017-01-07,Squaw Creek Reservoir,0.0094
2017-01-08,Squaw Creek Reservoir,0.0333
2017-01-09,Squaw Creek Reservoir,0.0088
2017-01-10,Squaw Creek Reservoir,0.0085
2017-01-11,Squaw Creek Reservoir,0.0083
2017-01-12,Squaw Creek Reservoir,0.0081
2017-01-13,Squaw Creek Reservoir,0.012
2017-01-14,Squaw Creek Reservoir,0.01
2017-01-15,Squaw Creek Reservoir,0.0077
2017-01-16,Squaw Creek Reservoir,0.0074
2017-01-17,Squaw Creek Reservoir,0.0072
2017-01-18,Squaw Creek Reservoir,0.0071
2017-01-19,Squaw Creek Reservoir,0.007
2017-01-20,Squaw Creek Reservoir,0.0069
2017-01-21,Squaw Creek Reservoir,0.0068
2017-01-22,Squaw Creek Reservoir,0.0068
2017-01-23,Squaw Creek Reservoir,0.0067
2017-01-24,Squaw Creek Reservoir,0.0073
2017-01-25,Squaw Creek Reservoir,0.0066
2017-01-26,Squaw Creek Reservoir,0.0065
2017-01-27,Squaw Creek Reservoir,0.0065
2017-01-28,Squaw Creek Reservoir,0.0064
2017-01-29,Squaw Creek Reservoir,0.0064
2017-01-30,Squaw Creek Reservoir,0.0064
2017-01-31,Squaw Creek Reservoir,0.0064
2017-02-01,Squaw Creek Reservoir,0.0063
2017-02-02,Squaw Creek Reservoir,0.0063
2017-02-03,Squaw Creek Reservoir,0.0063
2017-02-04,Squaw Creek Reservoir,0.0063
2017-02-05,Squaw Creek Reservoir,0.0064
2017-02-06,Squaw Creek Reservoir,0.0062
2017-02-07,Squaw Creek Reservoir,0.0062
2017-02-08,Squaw Creek Reservoir,0.0124
2017-02-09,Squaw Creek Reservoir,0.0746
2017-02-10,Squaw Creek Reservoir,0.0062
2017-02-11,Squaw Creek Reservoir,0.0072
2017-02-12,Squaw Creek Reservoir,0.0064
2017-02-13,Squaw Creek Reservoir,0.0063
2017-02-14,Squaw Creek Reservoir,0.0061
2017-02-15,Squaw Creek Reservoir,0.0065
2017-02-16,Squaw Creek Reservoir,0.0145
2017-02-17,Squaw Creek Reservoir,0.006
2017-02-18,Squaw Creek Reservoir,0.006
2017-02-19,Squaw Creek Reservoir,0.006
2017-02-20,Squaw Creek Reservoir,0.0059
2017-02-21,Squaw Creek Reservoir,0.0059
2017-02-22,Squaw Creek Reservoir,0.0059
2017-02-23,Squaw Creek Reservoir,0.0058
2017-02-24,Squaw Creek Reservoir,0.0058
2017-02-25,Squaw Creek Reservoir,0.0063
2017-02-26,Squaw Creek Reservoir,0.0058
2017-02-27,Squaw Creek Reservoir,0.0057
2017-02-28,Squaw Creek Reservoir,0.0102
2017-03-01,Squaw Creek Reservoir,0.0057
2017-03-02,Squaw Creek Reservoir,0.0056
2017-03-03,Squaw Creek Reservoir,0.0056
2017-03-04,Squaw Creek Reservoir,0.0056
2017-03-05,Squaw Creek Reservoir,0.0056
2017-03-06,Squaw Creek Reservoir,0.0055
2017-03-07,Squaw Creek Reservoir,0.0055
2017-03-08,Squaw Creek Reservoir,0.0055
2017-03-09,Squaw Creek Reservoir,0.0054
2017-03-10,Squaw Creek Reservoir,0.0054
2017-03-11,Squaw Creek Reservoir,0.0054
2017-03-12,Squaw Creek Reservoir,0.0054
2017-03-13,Squaw Creek Reservoir,0.0053
2017-03-14,Squaw Creek Reservoir,0.0053
2017-03-15,Squaw Creek Reservoir,0.0053
2017-03-16,Squaw Creek Reservoir,0.0052
2017-03-17,Squaw Creek Reservoir,0.0054
2017-03-18,Squaw Creek Reservoir,0.0052
2017-03-19,Squaw Creek Reservoir,0.0053
2017-03-20,Squaw Creek Reservoir,0.0051
2017-03-21,Squaw Creek Reservoir,0.0051
2017-03-22,Squaw Creek Reservoir,0.009
2017-03-23,Squaw Creek Reservoir,0.0387
2017-03-24,Squaw Creek Reservoir,0.0154
2017-03-25,Squaw Creek Reservoir,0.0064
2017-03-26,Squaw Creek Reservoir,0.0058
2017-03-27,Squaw Creek Reservoir,0.0507
2017-03-28,Squaw Creek Reservoir,0.0071
2017-03-29,Squaw Creek Reservoir,0.0049
2017-03-30,Squaw Creek Reservoir,0.0048
2017-03-31,Squaw Creek Reservoir,0.0048
2017-04-01,Squaw Creek Reservoir,0.0048
2017-04-02,Squaw Creek Reservoir,0.0054
2017-04-03,Squaw Creek Reservoir,0.0161
2017-04-04,Squaw Creek Reservoir,0.0047
2017-04-05,Squaw Creek Reservoir,0.0047
2017-04-06,Squaw Creek Reservoir,0.0046
2017-04-07,Squaw Creek Reservoir,0.0048
2017-04-08,Squaw Creek Reservoir,0.0209
2017-04-09,Squaw Creek Reservoir,0.0051
2017-04-10,Squaw Creek Reservoir,0.0045
2017-04-11,Squaw Creek Reservoir,0.0045
2017-04-12,Squaw Creek Reservoir,0.0045
2017-04-13,Squaw Creek Reservoir,0.0044
2017-04-14,Squaw Creek Reservoir,0.0044
2017-04-15,Squaw Creek Reservoir,0.0044
2017-04-16,Squaw Creek Reservoir,0.0045
2017-04-17,Squaw Creek Reservoir,0.005
2017-04-18,Squaw Creek Reservoir,0.012
2017-04-19,Squaw Creek Reservoir,0.0056
2017-04-20,Squaw Creek Reservoir,0.0065
2017-04-21,Squaw Creek Reservoir,0.0042
2017-04-22,Squaw Creek Reservoir,0.0042
2017-04-23,Squaw Creek Reservoir,0.0042
2017-04-24,Squaw Creek Reservoir,0.0042
2017-04-25,Squaw Creek Reservoir,0.0041
2017-04-26,Squaw Creek Reservoir,0.0041
2017-04-27,Squaw Creek Reservoir,0.0041
2017-04-28,Squaw Creek Reservoir,0.0041
2017-04-29,Squaw Creek Reservoir,0.0043
2017-04-30,Squaw Creek Reservoir,0.0041
2017-05-01,Squaw Creek Reservoir,0.0235
2017-05-02,Squaw Creek Reservoir,0.1556
2017-05-03,Squaw Creek Reservoir,0.004
2017-05-04,Squaw Creek Reservoir,0.0039
2017-05-05,Squaw Creek Reservoir,0.0039
2017-05-06,Squaw Creek Reservoir,0.0039
2017-05-07,Squaw Creek Reservoir,0.006
2017-05-08,Squaw Creek Reservoir,0.0327
2017-05-09,Squaw Creek Reservoir,0.0275
2017-05-10,Squaw Creek Reservoir,0.0039
2017-05-11,Squaw Creek Reservoir,0.0038
2017-05-12,Squaw Creek Reservoir,0.004
2017-05-13,Squaw Creek Reservoir,0.0039
2017-05-14,Squaw Creek Reservoir,0.0464
2017-05-15,Squaw Creek Reservoir,0.1535
2017-05-16,Squaw Creek Reservoir,0.1239
2017-05-17,Squaw Creek Reservoir,0.0509
2017-05-18,Squaw Creek Reservoir,0.0089
2017-05-19,Squaw Creek Reservoir,0.5579
2017-05-20,Squaw Creek Reservoir,0.2333
2017-05-21,Squaw Creek Reservoir,0.1244
2017-05-22,Squaw Creek Reservoir,0.0781
2017-05-23,Squaw Creek Reservoir,0.0567
2017-05-24,Squaw Creek Reservoir,0.0446
2017-05-25,Squaw Creek Reservoir,0.0369
2017-05-26,Squaw Creek Reservoir,0.0333
2017-05-27,Squaw Creek Reservoir,0.0274
2017-05-28,Squaw Creek Reservoir,0.0244
2017-05-29,Squaw Creek Reservoir,0.0225
2017-05-30,Squaw Creek Reservoir,0.112
2017-05-31,Squaw Creek Reservoir,0.0221
2017-06-01,Squaw Creek Reservoir,0.0171
2017-06-02,Squaw Creek Reservoir,0.0167
2017-06-03,Squaw Creek Reservoir,0.0151
2017-06-04,Squaw Creek Reservoir,0.0142
2017-06-05,Squaw Creek Reservoir,0.014
2017-06-06,Squaw Creek Reservoir,0.0127
2017-06-07,Squaw Creek Reservoir,0.0121
2017-06-08,Squaw Creek Reservoir,0.0116
2017-06-09,Squaw Creek Reservoir,0.0113
2017-06-10,Squaw Creek Reservoir,0.0107
2017-06-11,Squaw Creek Reservoir,0.0104
2017-06-12,Squaw Creek Reservoir,0.0326
2017-06-13,Squaw Creek Reservoir,0.2491
2017-06-14,Squaw Creek Reservoir,0.0165
2017-06-15,Squaw Creek Reservoir,0.0138
2017-06-16,Squaw Creek Reservoir,0.0131
2017-06-17,Squaw Creek Reservoir,0.0124
2017-06-18,Squaw Creek Reservoir,0.0118
2017-06-19,Squaw Creek Reservoir,0.0113
2017-06-20,Squaw Creek Reservoir,0.0107
2017-06-21,Squaw Creek Reservoir,0.0103
2017-06-22,Squaw Creek Reservoir,0.0099
2017-06-23,Squaw Creek Reservoir,0.0095
2017-06-24,Squaw Creek Reservoir,0.0096
2017-06-25,Squaw Creek Reservoir,0.009
2017-06-26,Squaw Creek Reservoir,0.0095
2017-06-27,Squaw Creek Reservoir,0.009
2017-06-28,Squaw Creek Reservoir,0.119
2017-06-29,Squaw Creek Reservoir,0.0079
2017-06-30,Squaw Creek Reservoir,0.0078
2017-07-01,Squaw Creek Reservoir,0.0077
2017-07-02,Squaw Creek Reservoir,0.0076
2017-07-03,Squaw Creek Reservoir,0.0074
2017-07-04,Squaw Creek Reservoir,0.007
2017-07-05,Squaw Creek Reservoir,0.0069
2017-07-06,Squaw Creek Reservoir,0.0068
2017-07-07,Squaw Creek Reservoir,0.0066
2017-07-08,Squaw Creek Reservoir,0.0066
2017-07-09,Squaw Creek Reservoir,0.0065
2017-07-10,Squaw Creek Reservoir,0.0065
2017-07-11,Squaw Creek Reservoir,0.0064
2017-07-12,Squaw Creek Reservoir,0.0064
2017-07-13,Squaw Creek Reservoir,0.0064
2017-07-14,Squaw Creek Reservoir,0.0066
2017-07-15,Squaw Creek Reservoir,0.0074
2017-07-16,Squaw Creek Reservoir,0.0066
2017-07-17,Squaw Creek Reservoir,0.0111
2017-07-18,Squaw Creek Reservoir,0.0174
2017-07-19,Squaw Creek Reservoir,0.0072
2017-07-20,Squaw Creek Reservoir,0.0062
2017-07-21,Squaw Creek Reservoir,0.0062
2017-07-22,Squaw Creek Reservoir,0.0066
2017-07-23,Squaw Creek Reservoir,0.0066
2017-07-24,Squaw Creek Reservoir,0.0079
2017-07-25,Squaw Creek Reservoir,0.0061
2017-07-26,Squaw Creek Reservoir,0.006
2017-07-27,Squaw Creek Reservoir,0.0062
2017-07-28,Squaw Creek Reservoir,0.0064
2017-07-29,Squaw Creek Reservoir,0.0073
2017-07-30,Squaw Creek Reservoir,0.006
2017-07-31,Squaw Creek Reservoir,0.0059
2017-08-01,Squaw Creek Reservoir,0.0059
2017-08-02,Squaw Creek Reservoir,0.0058
2017-08-03,Squaw Creek Reservoir,0.0058
2017-08-04,Squaw Creek Reservoir,0.006
2017-08-05,Squaw Creek Reservoir,0.0058
2017-08-06,Squaw Creek Reservoir,0.0057
2017-08-07,Squaw Creek Reservoir,0.0057
2017-08-08,Squaw Creek Reservoir,0.0057
2017-08-09,Squaw Creek Reservoir,0.0058
2017-08-10,Squaw Creek Reservoir,0.0074
2017-08-11,Squaw Creek Reservoir,0.0136
2017-08-12,Squaw Creek Reservoir,0.0285
2017-08-13,Squaw Creek Reservoir,0.0255
2017-08-14,Squaw Creek Reservoir,0.0084
2017-08-15,Squaw Creek Reservoir,0.0055
2017-08-16,Squaw Creek Reservoir,0.0054
2017-08-17,Squaw Creek Reservoir,0.0068
2017-08-18,Squaw Creek Reservoir,0.0103
2017-08-19,Squaw Creek Reservoir,0.0134
2017-08-20,Squaw Creek Reservoir,0.0168
2017-08-21,Squaw Creek Reservoir,0.0082
2017-08-22,Squaw Creek Reservoir,0.0052
2017-08-23,Squaw Creek Reservoir,0.0055
2017-08-24,Squaw Creek Reservoir,0.0052
2017-08-25,Squaw Creek Reservoir,0.0052
2017-08-26,Squaw Creek Reservoir,0.0051
2017-08-27,Squaw Creek Reservoir,0.0051
2017-08-28,Squaw Creek Reservoir,0.0054
2017-08-29,Squaw Creek Reservoir,0.1276
2017-08-30,Squaw Creek Reservoir,0.1197
2017-08-31,Squaw Creek Reservoir,0.123
2017-09-01,Squaw Creek Reservoir,0.0073
2017-09-02,Squaw Creek Reservoir,0.0134
2017-09-03,Squaw Creek Reservoir,0.0182
2017-09-04,Squaw Creek Reservoir,0.0198
2017-09-05,Squaw Creek Reservoir,0.0176
2017-09-06,Squaw Creek Reservoir,0.0165
2017-09-07,Squaw Creek Reservoir,0.0149
2017-09-08,Squaw Creek Reservoir,0.0138
2017-09-09,Squaw Creek Reservoir,0.0126
2017-09-10,Squaw Creek Reservoir,0.0122
2017-09-11,Squaw Creek Reservoir,0.0153
2017-09-12,Squaw Creek Reservoir,0.0422
2017-09-13,Squaw Creek Reservoir,0.0677
2017-09-14,Squaw Creek Reservoir,0.078
2017-09-15,Squaw Creek Reservoir,0.0215
2017-09-16,Squaw Creek Reservoir,0.0219
2017-09-17,Squaw Creek Reservoir,0.0199
2017-09-18,Squaw Creek Reservoir,0.0182
2017-09-19,Squaw Creek Reservoir,0.0168
2017-09-20,Squaw Creek Reservoir,0.0157
2017-09-21,Squaw Creek Reservoir,0.0146
2017-09-22,Squaw Creek Reservoir,0.0142
2017-09-23,Squaw Creek Reservoir,0.0328
2017-09-24,Squaw Creek Reservoir,0.0124
2017-09-25,Squaw Creek Reservoir,0.0117
2017-09-26,Squaw Creek Reservoir,0.0112
2017-09-27,Squaw Creek Reservoir,0.0105
2017-09-28,Squaw Creek Reservoir,0.01
2017-09-29,Squaw Creek Reservoir,0.0096
2017-09-30,Squaw Creek Reservoir,0.0092
2017-10-01,Squaw Creek Reservoir,0.027
2017-10-02,Squaw Creek Reservoir,0.0199
2017-10-03,Squaw Creek Reservoir,0.0093
2017-10-04,Squaw Creek Reservoir,0.008
2017-10-05,Squaw Creek Reservoir,0.0078
2017-10-06,Squaw Creek Reservoir,0.0075
2017-10-07,Squaw Creek Reservoir,0.0074
2017-10-08,Squaw Creek Reservoir,0.0071
2017-10-09,Squaw Creek Reservoir,0.007
2017-10-10,Squaw Creek Reservoir,0.0068
2017-10-11,Squaw Creek Reservoir,0.0093
2017-10-12,Squaw Creek Reservoir,0.0065
2017-10-13,Squaw Creek Reservoir,0.0064
2017-10-14,Squaw Creek Reservoir,0.0063
2017-10-15,Squaw Creek Reservoir,0.081
2017-10-16,Squaw Creek Reservoir,0.0063
2017-10-17,Squaw Creek Reservoir,0.0062
2017-10-18,Squaw Creek Reservoir,0.1062
2017-10-19,Squaw Creek Reservoir,0.284
2017-10-20,Squaw Creek Reservoir,0.0679
2017-10-21,Squaw Creek Reservoir,0.0562
2017-10-22,Squaw Creek Reservoir,0.0443
2017-10-23,Squaw Creek Reservoir,0.0412
2017-10-24,Squaw Creek Reservoir,0.0309
2017-10-25,Squaw Creek Reservoir,0.0268
2017-10-26,Squaw Creek Reservoir,0.0238
2017-10-27,Squaw Creek Reservoir,0.0213
2017-10-28,Squaw Creek Reservoir,0.0193
2017-10-29,Squaw Creek Reservoir,0.0177
2017-10-30,Squaw Creek Reservoir,0.0163
2017-10-31,Squaw Creek Reservoir,0.0152
2017-11-01,Squaw Creek Reservoir,0.0166
2017-11-02,Squaw Creek Reservoir,0.0133
2017-11-03,Squaw Creek Reservoir,0.0127
2017-11-04,Squaw Creek Reservoir,0.0123
2017-11-05,Squaw Creek Reservoir,0.0112
2017-11-06,Squaw Creek Reservoir,0.0551
2017-11-07,Squaw Creek Reservoir,0.0794
2017-11-08,Squaw Creek Reservoir,0.0098
2017-11-09,Squaw Creek Reservoir,0.0096
2017-11-10,Squaw Creek Reservoir,0.0092
2017-11-11,Squaw Creek Reservoir,0.0092
2017-11-12,Squaw Creek Reservoir,0.0138
2017-11-13,Squaw Creek Reservoir,0.0614
2017-11-14,Squaw Creek Reservoir,0.0618
2017-11-15,Squaw Creek Reservoir,0.0101
2017-11-16,Squaw Creek Reservoir,0.0109
2017-11-17,Squaw Creek Reservoir,0.0107
2017-11-18,Squaw Creek Reservoir,0.0104
2017-11-19,Squaw Creek Reservoir,0.0099
2017-11-20,Squaw Creek Reservoir,0.0094
2017-11-21,Squaw Creek Reservoir,0.009
2017-11-22,Squaw Creek Reservoir,0.0087
2017-11-23,Squaw Creek Reservoir,0.0084
2017-11-24,Squaw Creek Reservoir,0.0081
2017-11-25,Squaw Creek Reservoir,0.0078
2017-11-26,Squaw Creek Reservoir,0.0076
2017-11-27,Squaw Creek Reservoir,0.0551
2017-11-28,Squaw Creek Reservoir,0.0072
2017-11-29,Squaw Creek Reservoir,0.0069
2017-11-30,Squaw Creek Reservoir,0.0067
2017-12-01,Squaw Creek Reservoir,0.0066
2017-12-02,Squaw Creek Reservoir,0.0069
2017-12-03,Squaw Creek Reservoir,0.0109
2017-12-04,Squaw Creek Reservoir,0.0066
2017-12-05,Squaw Creek Reservoir,0.0061
2017-12-06,Squaw Creek Reservoir,0.006
2017-12-07,Squaw Creek Reservoir,0.0059
2017-12-08,Squaw Creek Reservoir,0.0058
2017-12-09,Squaw Creek Reservoir,0.0141
2017-12-10,Squaw Creek Reservoir,0.0983
2017-12-11,Squaw Creek Reservoir,0.0076
2017-12-12,Squaw Creek Reservoir,0.0059
2017-12-13,Squaw Creek Reservoir,0.0061
2017-12-14,Squaw Creek Reservoir,0.0062
2017-12-15,Squaw Creek Reservoir,0.0061
2017-12-16,Squaw Creek Reservoir,0.006
2017-12-17,Squaw Creek Reservoir,0.006
2017-12-18,Squaw Creek Reservoir,0.0059
2017-12-19,Squaw Creek Reservoir,0.0058
2017-12-20,Squaw Creek Reservoir,0.0058
2017-12-21,Squaw Creek Reservoir,0.0057
2017-12-22,Squaw Creek Reservoir,0.0057
2017-12-23,Squaw Creek Reservoir,0.0093
2017-12-24,Squaw Creek Reservoir,0.0324
2017-12-25,Squaw Creek Reservoir,0.0075
2017-12-26,Squaw Creek Reservoir,0.0762
2017-12-27,Squaw Creek Reservoir,0.0564
2017-12-28,Squaw Creek Reservoir,0.0057
2017-12-29,Squaw Creek Reservoir,0.0062
2017-12-30,Squaw Creek Reservoir,0.0071
2017-12-31,Squaw Creek Reservoir,0.0066
2018-01-01,Squaw Creek Reservoir,0.0075
2018-01-02,Squaw Creek Reservoir,0.084
2018-01-03,Squaw Creek Reservoir,0.0068
2018-01-04,Squaw Creek Reservoir,0.0067
2018-01-05,Squaw Creek Reservoir,0.0067
2018-01-06,Squaw Creek Reservoir,0.0086
2018-01-07,Squaw Creek Reservoir,0.0069
2018-01-08,Squaw Creek Reservoir,0.007
2018-01-09,Squaw Creek Reservoir,0.0066
2018-01-10,Squaw Creek Reservoir,0.0062
2018-01-11,Squaw Creek Reservoir,0.0062
2018-01-12,Squaw Creek Reservoir,0.0063
2018-01-13,Squaw Creek Reservoir,0.0064
2018-01-14,Squaw Creek Reservoir,0.053
2018-01-15,Squaw Creek Reservoir,0.046
2018-01-16,Squaw Creek Reservoir,0.006
2018-01-17,Squaw Creek Reservoir,0.0061
2018-01-18,Squaw Creek Reservoir,0.0062
2018-01-19,Squaw Creek Reservoir,0.0062
2018-01-20,Squaw Creek Reservoir,0.0061
2018-01-21,Squaw Creek Reservoir,0.1057
2018-01-22,Squaw Creek Reservoir,0.0267
2018-01-23,Squaw Creek Reservoir,0.0494
2018-01-24,Squaw Creek Reservoir,0.0093
2018-01-25,Squaw Creek Reservoir,0.011
2018-01-26,Squaw Creek Reservoir,0.011
2018-01-27,Squaw Creek Reservoir,0.0106
2018-01-28,Squaw Creek Reservoir,0.0101
2018-01-29,Squaw Creek Reservoir,0.0134
2018-01-30,Squaw Creek Reservoir,0.017
2018-01-31,Squaw Creek Reservoir,0.009
2018-02-01,Squaw Creek Reservoir,0.0087
2018-02-02,Squaw Creek Reservoir,0.0084
2018-02-03,Squaw Creek Reservoir,0.0081
2018-02-04,Squaw Creek Reservoir,0.0079
2018-02-05,Squaw Creek Reservoir,0.0092
2018-02-06,Squaw Creek Reservoir,0.0077
2018-02-07,Squaw Creek Reservoir,0.0073
2018-02-08,Squaw Creek Reservoir,0.0071
2018-02-09,Squaw Creek Reservoir,0.007
2018-02-10,Squaw Creek Reservoir,0.0068
2018-02-11,Squaw Creek Reservoir,0.0067
2018-02-12,Squaw Creek Reservoir,0.0065
2018-02-13,Squaw Creek Reservoir,0.0119
2018-02-14,Squaw Creek Reservoir,0.0064
2018-02-15,Squaw Creek Reservoir,0.0063
2018-02-16,Squaw Creek Reservoir,0.0062
2018-02-17,Squaw Creek Reservoir,0.0062
2018-02-18,Squaw Creek Reservoir,0.0061
2018-02-19,Squaw Creek Reservoir,0.006
2018-02-20,Squaw Creek Reservoir,0.0132
2018-02-21,Squaw Creek Reservoir,0.0059
2018-02-22,Squaw Creek Reservoir,0.0059
2018-02-23,Squaw Creek Reservoir,0.0059
2018-02-24,Squaw Creek Reservoir,0.0059
2018-02-25,Squaw Creek Reservoir,0.0059
2018-02-26,Squaw Creek Reservoir,0.0059
2018-02-27,Squaw Creek Reservoir,0.0064
2018-02-28,Squaw Creek Reservoir,0.0072
2018-03-01,Squaw Creek Reservoir,0.0365
2018-03-02,Squaw Creek Reservoir,0.0058
2018-03-03,Squaw Creek Reservoir,0.0058
2018-03-04,Squaw Creek Reservoir,0.0057
2018-03-05,Squaw Creek Reservoir,0.0057
2018-03-06,Squaw Creek Reservoir,0.0259
2018-03-07,Squaw Creek Reservoir,0.0166
2018-03-08,Squaw Creek Reservoir,0.0056
2018-03-09,Squaw Creek Reservoir,0.0056
2018-03-10,Squaw Creek Reservoir,0.0056
2018-03-11,Squaw Creek Reservoir,0.0056
2018-03-12,Squaw Creek Reservoir,0.0056
2018-03-13,Squaw Creek Reservoir,0.0056
2018-03-14,Squaw Creek Reservoir,0.0105
2018-03-15,Squaw Creek Reservoir,0.0057
2018-03-16,Squaw Creek Reservoir,0.0055
2018-03-17,Squaw Creek Reservoir,0.008
2018-03-18,Squaw Creek Reservoir,0.0167
2018-03-19,Squaw Creek Reservoir,0.0054
2018-03-20,Squaw Creek Reservoir,0.0057
2018-03-21,Squaw Creek Reservoir,0.0089
2018-03-22,Squaw Creek Reservoir,0.0053
2018-03-23,Squaw Creek Reservoir,0.0053
2018-03-24,Squaw Creek Reservoir,0.0052
2018-03-25,Squaw Creek Reservoir,0.0052
2018-03-26,Squaw Creek Reservoir,0.0053
2018-03-27,Squaw Creek Reservoir,0.2443
2018-03-28,Squaw Creek Reservoir,0.0052
2018-03-29,Squaw Creek Reservoir,0.0052
2018-03-30,Squaw Creek Reservoir,0.0052
2018-03-31,Squaw Creek Reservoir,0.0052
2018-04-01,Squaw Creek Reservoir,0.0052
2018-04-02,Squaw Creek Reservoir,0.0052
2018-04-03,Squaw Creek Reservoir,0.0052
2018-04-04,Squaw Creek Reservoir,0.0052
2018-04-05,Squaw Creek Reservoir,0.0051
2018-04-06,Squaw Creek Reservoir,0.0051
2018-04-07,Squaw Creek Reservoir,0.0051
2018-04-08,Squaw Creek Reservoir,0.0051
2018-04-09,Squaw Creek Reservoir,0.0051
2018-04-10,Squaw Creek Reservoir,0.0051
2018-04-11,Squaw Creek Reservoir,0.0069
2018-04-12,Squaw Creek Reservoir,0.0051
2018-04-13,Squaw Creek Reservoir,0.005
2018-04-14,Squaw Creek Reservoir,0.005
2018-04-15,Squaw Creek Reservoir,0.005
2018-04-16,Squaw Creek Reservoir,0.005
2018-04-17,Squaw Creek Reservoir,0.005
2018-04-18,Squaw Creek Reservoir,0.0052
2018-04-19,Squaw Creek Reservoir,0.0049
2018-04-20,Squaw Creek Reservoir,0.0049
2018-04-21,Squaw Creek Reservoir,0.0049
2018-04-22,Squaw Creek Reservoir,0.0049
2018-04-23,Squaw Creek Reservoir,0.0049
2018-04-24,Squaw Creek Reservoir,0.0048
2018-04-25,Squaw Creek Reservoir,0.0048
2018-04-26,Squaw Creek Reservoir,0.0048
2018-04-27,Squaw Creek Reservoir,0.0048
2018-04-28,Squaw Creek Reservoir,0.0048
2018-04-29,Squaw Creek Reservoir,0.0074
2018-04-30,Squaw Creek Reservoir,0.0055
2018-05-01,Squaw Creek Reservoir,0.1672
2018-05-02,Squaw Creek Reservoir,0.0183
2018-05-03,Squaw Creek Reservoir,0.0047
2018-05-04,Squaw Creek Reservoir,0.005
2018-05-05,Squaw Creek Reservoir,0.0065
2018-05-06,Squaw Creek Reservoir,0.0047
2018-05-07,Squaw Creek Reservoir,0.0052
2018-05-08,Squaw Creek Reservoir,0.005
2018-05-09,Squaw Creek Reservoir,0.0232
2018-05-10,Squaw Creek Reservoir,0.2262
2018-05-11,Squaw Creek Reservoir,0.0049
2018-05-12,Squaw Creek Reservoir,0.0051
2018-05-13,Squaw Creek Reservoir,0.0069
2018-05-14,Squaw Creek Reservoir,0.0083
2018-05-15,Squaw Creek Reservoir,0.0081
2018-05-16,Squaw Creek Reservoir,0.0079
2018-05-17,Squaw Creek Reservoir,0.0078
2018-05-18,Squaw Creek Reservoir,0.056
2018-05-19,Squaw Creek Reservoir,0.0163
2018-05-20,Squaw Creek Reservoir,0.0093
2018-05-21,Squaw Creek Reservoir,0.0097
2018-05-22,Squaw Creek Reservoir,0.01
2018-05-23,Squaw Creek Reservoir,0.0097
2018-05-24,Squaw Creek Reservoir,0.0093
2018-05-25,Squaw Creek Reservoir,0.009
2018-05-26,Squaw Creek Reservoir,0.0086
2018-05-27,Squaw Creek Reservoir,0.0084
2018-05-28,Squaw Creek Reservoir,0.0099
2018-05-29,Squaw Creek Reservoir,0.0079
2018-05-30,Squaw Creek Reservoir,0.0081
2018-05-31,Squaw Creek Reservoir,0.0091
2018-06-01,Squaw Creek Reservoir,0.0907
2018-06-02,Squaw Creek Reservoir,0.0077
2018-06-03,Squaw Creek Reservoir,0.0073
2018-06-04,Squaw Creek Reservoir,0.0219
2018-06-05,Squaw Creek Reservoir,0.041
2018-06-06,Squaw Creek Reservoir,0.0075
2018-06-07,Squaw Creek Reservoir,0.0069
2018-06-08,Squaw Creek Reservoir,0.0066
2018-06-09,Squaw Creek Reservoir,0.0067
2018-06-10,Squaw Creek Reservoir,0.0428
2018-06-11,Squaw Creek Reservoir,0.0141
2018-06-12,Squaw Creek Reservoir,0.006
2018-06-13,Squaw Creek Reservoir,0.0813
2018-06-14,Squaw Creek Reservoir,0.0567
2018-06-15,Squaw Creek Reservoir,0.0078
2018-06-16,Squaw Creek Reservoir,0.0096
2018-06-17,Squaw Creek Reservoir,0.013
2018-06-18,Squaw Creek Reservoir,0.0611
2018-06-19,Squaw Creek Reservoir,0.0095
2018-06-20,Squaw Creek Reservoir,0.0096
2018-06-21,Squaw Creek Reservoir,0.0093
2018-06-22,Squaw Creek Reservoir,0.0089
2018-06-23,Squaw Creek Reservoir,0.0087
2018-06-24,Squaw Creek Reservoir,0.029
2018-06-25,Squaw Creek Reservoir,0.008
2018-06-26,Squaw Creek Reservoir,0.0077
2018-06-27,Squaw Creek Reservoir,0.0088
2018-06-28,Squaw Creek Reservoir,0.0148
2018-06-29,Squaw Creek Reservoir,0.0083
2018-06-30,Squaw Creek Reservoir,0.0068
2018-07-01,Squaw Creek Reservoir,0.0066
2018-07-02,Squaw Creek Reservoir,0.0065
2018-07-03,Squaw Creek Reservoir,0.0063
2018-07-04,Squaw Creek Reservoir,0.0062
2018-07-05,Squaw Creek Reservoir,0.006
2018-07-06,Squaw Creek Reservoir,0.0059
2018-07-07,Squaw Creek Reservoir,0.0058
2018-07-08,Squaw Creek Reservoir,0.0065
2018-07-09,Squaw Creek Reservoir,0.0213
2018-07-10,Squaw Creek Reservoir,0.0115
2018-07-11,Squaw Creek Reservoir,0.0105
2018-07-12,Squaw Creek Reservoir,0.0084
2018-07-13,Squaw Creek Reservoir,0.0056
2018-07-14,Squaw Creek Reservoir,0.0056
2018-07-15,Squaw Creek Reservoir,0.0056
2018-07-16,Squaw Creek Reservoir,0.0062
2018-07-17,Squaw Creek Reservoir,0.0067
2018-07-18,Squaw Creek Reservoir,0.0058
2018-07-19,Squaw Creek Reservoir,0.0073
2018-07-20,Squaw Creek Reservoir,0.007
2018-07-21,Squaw Creek Reservoir,0.0066
2018-07-22,Squaw Creek Reservoir,0.0054
2018-07-23,Squaw Creek Reservoir,0.0102
2018-07-24,Squaw Creek Reservoir,0.0055
2018-07-25,Squaw Creek Reservoir,0.0054
2018-07-26,Squaw Creek Reservoir,0.0053
2018-07-27,Squaw Creek Reservoir,0.0055
2018-07-28,Squaw Creek Reservoir,0.0055
2018-07-29,Squaw Creek Reservoir,0.0059
2018-07-30,Squaw Creek Reservoir,0.0056
2018-07-31,Squaw Creek Reservoir,0.0052
2018-08-01,Squaw Creek Reservoir,0.0051
2018-08-02,Squaw Creek Reservoir,0.0055
2018-08-03,Squaw Creek Reservoir,0.0051
2018-08-04,Squaw Creek Reservoir,0.0089
2018-08-05,Squaw Creek Reservoir,0.005
2018-08-06,Squaw Creek Reservoir,0.005
2018-08-07,Squaw Creek Reservoir,0.005
2018-08-08,Squaw Creek Reservoir,0.0053
2018-08-09,Squaw Creek Reservoir,0.005
2018-08-10,Squaw Creek Reservoir,0.0049
2018-08-11,Squaw Creek Reservoir,0.0049
2018-08-12,Squaw Creek Reservoir,0.0558
2018-08-13,Squaw Creek Reservoir,0.006
2018-08-14,Squaw Creek Reservoir,0.0188
2018-08-15,Squaw Creek Reservoir,0.0058
2018-08-16,Squaw Creek Reservoir,0.0197
2018-08-17,Squaw Creek Reservoir,0.0345
2018-08-18,Squaw Creek Reservoir,0.0055
2018-08-19,Squaw Creek Reservoir,0.0047
2018-08-20,Squaw Creek Reservoir,0.0046
2018-08-21,Squaw Creek Reservoir,0.0046
2018-08-22,Squaw Creek Reservoir,0.0046
2018-08-23,Squaw Creek Reservoir,0.0046
2018-08-24,Squaw Creek Reservoir,0.0058
2018-08-25,Squaw Creek Reservoir,0.0086
2018-08-26,Squaw Creek Reservoir,0.0046
2018-08-27,Squaw Creek Reservoir,0.0045
2018-08-28,Squaw Creek Reservoir,0.0045
2018-08-29,Squaw Creek Reservoir,0.0045
2018-08-30,Squaw Creek Reservoir,0.0044
2018-08-31,Squaw Creek Reservoir,0.0044
2018-09-01,Squaw Creek Reservoir,0.012
2018-09-02,Squaw Creek Reservoir,0.0044
2018-09-03,Squaw Creek Reservoir,0.0044
2018-09-04,Squaw Creek Reservoir,0.0044
2018-09-05,Squaw Creek Reservoir,0.0043
2018-09-06,Squaw Creek Reservoir,0.0043
2018-09-07,Squaw Creek Reservoir,0.0043
2018-09-08,Squaw Creek Reservoir,0.0044
2018-09-09,Squaw Creek Reservoir,0.0044
2018-09-10,Squaw Creek Reservoir,0.0042
2018-09-11,Squaw Creek Reservoir,0.0042
2018-09-12,Squaw Creek Reservoir,0.1006
2018-09-13,Squaw Creek Reservoir,0.0131
2018-09-14,Squaw Creek Reservoir,0.2001
2018-09-15,Squaw Creek Reservoir,0.0042
2018-09-16,Squaw Creek Reservoir,0.0044
2018-09-17,Squaw Creek Reservoir,0.0046
2018-09-18,Squaw Creek Reservoir,0.0046
2018-09-19,Squaw Creek Reservoir,0.0047
2018-09-20,Squaw Creek Reservoir,0.0049
2018-09-21,Squaw Creek Reservoir,0.0059
2018-09-22,Squaw Creek Reservoir,0.0064
2018-09-23,Squaw Creek Reservoir,0.0065
2018-09-24,Squaw Creek Reservoir,0.0068
2018-09-25,Squaw Creek Reservoir,0.0064
2018-09-26,Squaw Creek Reservoir,0.0073
2018-09-27,Squaw Creek Reservoir,0.0084
2018-09-28,Squaw Creek Reservoir,0.0073
2018-09-29,Squaw Creek Reservoir,0.0071
2018-09-30,Squaw Creek Reservoir,0.0068
2018-10-01,Squaw Creek Reservoir,0.0066
2018-10-02,Squaw Creek Reservoir,0.0065
2018-10-03,Squaw Creek Reservoir,0.0063
2018-10-04,Squaw Creek Reservoir,0.0061
2018-10-05,Squaw Creek Reservoir,0.006
2018-10-06,Squaw Creek Reservoir,0.006
2018-10-07,Squaw Creek Reservoir,0.0057
2018-10-08,Squaw Creek Reservoir,0.0056
2018-10-09,Squaw Creek Reservoir,0.0073
2018-10-10,Squaw Creek Reservoir,0.0057
2018-10-11,Squaw Creek Reservoir,0.0054
2018-10-12,Squaw Creek Reservoir,0.0053
2018-10-13,Squaw Creek Reservoir,0.0052
2018-10-14,Squaw Creek Reservoir,0.0052
2018-10-15,Squaw Creek Reservoir,0.0061
2018-10-16,Squaw Creek Reservoir,0.1866
2018-10-17,Squaw Creek Reservoir,0.0055
2018-10-18,Squaw Creek Reservoir,0.0065
2018-10-19,Squaw Creek Reservoir,0.0071
2018-10-20,Squaw Creek Reservoir,0.0071
2018-10-21,Squaw Creek Reservoir,0.0069
2018-10-22,Squaw Creek Reservoir,0.0067
2018-10-23,Squaw Creek Reservoir,0.0066
2018-10-24,Squaw Creek Reservoir,0.0064
2018-10-25,Squaw Creek Reservoir,0.0062
2018-10-26,Squaw Creek Reservoir,0.0069
2018-10-27,Squaw Creek Reservoir,0.0061
2018-10-28,Squaw Creek Reservoir,0.0076
2018-10-29,Squaw Creek Reservoir,0.0111
2018-10-30,Squaw Creek Reservoir,0.0059
2018-10-31,Squaw Creek Reservoir,0.0076
2018-11-01,Squaw Creek Reservoir,0.007
2018-11-02,Squaw Creek Reservoir,0.0059
2018-11-03,Squaw Creek Reservoir,0.0058
2018-11-04,Squaw Creek Reservoir,0.0056
2018-11-05,Squaw Creek Reservoir,0.0155
2018-11-06,Squaw Creek Reservoir,0.0107
2018-11-07,Squaw Creek Reservoir,0.0728
2018-11-08,Squaw Creek Reservoir,0.0055
2018-11-09,Squaw Creek Reservoir,0.0055
2018-11-10,Squaw Creek Reservoir,0.0059
2018-11-11,Squaw Creek Reservoir,0.0073
2018-11-12,Squaw Creek Reservoir,0.0069
2018-11-13,Squaw Creek Reservoir,0.0619
2018-11-14,Squaw Creek Reservoir,0.0056
2018-11-15,Squaw Creek Reservoir,0.0696
2018-11-16,Squaw Creek Reservoir,0.0122
2018-11-17,Squaw Creek Reservoir,0.0078
2018-11-18,Squaw Creek Reservoir,0.0088
2018-11-19,Squaw Creek Reservoir,0.0096
2018-11-20,Squaw Creek Reservoir,0.0148
2018-11-21,Squaw Creek Reservoir,0.0086
2018-11-22,Squaw Creek Reservoir,0.0084
2018-11-23,Squaw Creek Reservoir,0.008
2018-11-24,Squaw Creek Reservoir,0.0077
2018-11-25,Squaw Creek Reservoir,0.0077
2018-11-26,Squaw Creek Reservoir,0.0074
2018-11-27,Squaw Creek Reservoir,0.0071
2018-11-28,Squaw Creek Reservoir,0.0098
2018-11-29,Squaw Creek Reservoir,0.0066
2018-11-30,Squaw Creek Reservoir,0.0064
2018-12-01,Squaw Creek Reservoir,0.0062
2018-12-02,Squaw Creek Reservoir,0.006
2018-12-03,Squaw Creek Reservoir,0.0059
2018-12-04,Squaw Creek Reservoir,0.0058
2018-12-05,Squaw Creek Reservoir,0.0243
2018-12-06,Squaw Creek Reservoir,0.0179
2018-12-07,Squaw Creek Reservoir,0.0061
2018-12-08,Squaw Creek Reservoir,0.0054
2018-12-09,Squaw Creek Reservoir,0.0054
2018-12-10,Squaw Creek Reservoir,0.0053
2018-12-11,Squaw Creek Reservoir,0.0052
2018-12-12,Squaw Creek Reservoir,0.1343
2018-12-13,Squaw Creek Reservoir,0.0288
2018-12-14,Squaw Creek Reservoir,0.0083
2018-12-15,Squaw Creek Reservoir,0.0199
2018-12-16,Squaw Creek Reservoir,0.0893
2018-12-17,Squaw Creek Reservoir,0.0522
2018-12-18,Squaw Creek Reservoir,0.3308
2018-12-19,Squaw Creek Reservoir,0.3066
2018-12-20,Squaw Creek Reservoir,0.1499
2018-12-21,Squaw Creek Reservoir,0.0906
2018-12-22,Squaw Creek Reservoir,0.0635
2018-12-23,Squaw Creek Reservoir,0.096
2018-12-24,Squaw Creek Reservoir,0.1116
2018-12-25,Squaw Creek Reservoir,0.4412
2018-12-26,Squaw Creek Reservoir,0.2939
2018-12-27,Squaw Creek Reservoir,0.1398
2018-12-28,Squaw Creek Reservoir,0.0903
2018-12-29,Squaw Creek Reservoir,0.0689
2018-12-30,Squaw Creek Reservoir,0.0541
2018-12-31,Squaw Creek Reservoir,0.0447
2019-01-01,Squaw Creek Reservoir,0.0383
2019-01-02,Squaw Creek Reservoir,0.0412
2019-01-03,Squaw Creek Reservoir,0.0304
2019-01-04,Squaw Creek Reservoir,0.0277
2019-01-05,Squaw Creek Reservoir,0.034
2019-01-06,Squaw Creek Reservoir,0.0261
2019-01-07,Squaw Creek Reservoir,0.0226
2019-01-08,Squaw Creek Reservoir,0.0215
2019-01-09,Squaw Creek Reservoir,0.0215
2019-01-10,Squaw Creek Reservoir,0.1899
2019-01-11,Squaw Creek Reservoir,0.1676
2019-01-12,Squaw Creek Reservoir,0.0575
2019-01-13,Squaw Creek Reservoir,0.0841
2019-01-14,Squaw Creek Reservoir,0.0607
2019-01-15,Squaw Creek Reservoir,0.0579
2019-01-16,Squaw Creek Reservoir,0.0835
2019-01-17,Squaw Creek Reservoir,0.0541
2019-01-18,Squaw Creek Reservoir,0.0516
2019-01-19,Squaw Creek Reservoir,0.0487
2019-01-20,Squaw Creek Reservoir,0.0457
2019-01-21,Squaw Creek Reservoir,0.0512
2019-01-22,Squaw Creek Reservoir,0.0739
2019-01-23,Squaw Creek Reservoir,0.0403
2019-01-24,Squaw Creek Reservoir,0.0408
2019-01-25,Squaw Creek Reservoir,0.0411
2019-01-26,Squaw Creek Reservoir,0.0389
2019-01-27,Squaw Creek Reservoir,0.0372
2019-01-28,Squaw Creek Reservoir,0.0353
2019-01-29,Squaw Creek Reservoir,0.0334
2019-01-30,Squaw Creek Reservoir,0.032
2019-01-31,Squaw Creek Reservoir,0.0306
2019-02-01,Squaw Creek Reservoir,0.0301
2019-02-02,Squaw Creek Reservoir,0.0597
2019-02-03,Squaw Creek Reservoir,0.0312
2019-02-04,Squaw Creek Reservoir,0.0317
2019-02-05,Squaw Creek Reservoir,0.0267
2019-02-06,Squaw Creek Reservoir,0.0269
2019-02-07,Squaw Creek Reservoir,0.0616
2019-02-08,Squaw Creek Reservoir,0.0255
2019-02-09,Squaw Creek Reservoir,0.0253
2019-02-10,Squaw Creek Reservoir,0.0252
2019-02-11,Squaw Creek Reservoir,0.025
2019-02-12,Squaw Creek Reservoir,0.0248
2019-02-13,Squaw Creek Reservoir,0.0247
2019-02-14,Squaw Creek Reservoir,0.0242
2019-02-15,Squaw Creek Reservoir,0.0363
2019-02-16,Squaw Creek Reservoir,0.0362
2019-02-17,Squaw Creek Reservoir,0.0234
2019-02-18,Squaw Creek Reservoir,0.0327
2019-02-19,Squaw Creek Reservoir,0.0236
2019-02-20,Squaw Creek Reservoir,0.023
2019-02-21,Squaw Creek Reservoir,0.249
2019-02-22,Squaw Creek Reservoir,0.0868
2019-02-23,Squaw Creek Reservoir,0.0356
2019-02-24,Squaw Creek Reservoir,0.0386
2019-02-25,Squaw Creek Reservoir,0.0389
2019-02-26,Squaw Creek Reservoir,0.116
2019-02-27,Squaw Creek Reservoir,0.0407
2019-02-28,Squaw Creek Reservoir,0.0415
2019-03-01,Squaw Creek Reservoir,0.0403
2019-03-02,Squaw Creek Reservoir,0.0389
2019-03-03,Squaw Creek Reservoir,0.0374
2019-03-04,Squaw Creek Reservoir,0.0372
2019-03-05,Squaw Creek Reservoir,0.0373
2019-03-06,Squaw Creek Reservoir,0.0368
2019-03-07,Squaw Creek Reservoir,0.0356
2019-03-08,Squaw Creek Reservoir,0.0343
2019-03-09,Squaw Creek Reservoir,0.0329
2019-03-10,Squaw Creek Reservoir,0.0317
2019-03-11,Squaw Creek Reservoir,0.0305
2019-03-12,Squaw Creek Reservoir,0.0295
2019-03-13,Squaw Creek Reservoir,0.0408
2019-03-14,Squaw Creek Reservoir,0.1743
2019-03-15,Squaw Creek Reservoir,0.1999
2019-03-16,Squaw Creek Reservoir,0.1814
2019-03-17,Squaw Creek Reservoir,0.0912
2019-03-18,Squaw Creek Reservoir,0.1067
2019-03-19,Squaw Creek Reservoir,0.1233
2019-03-20,Squaw Creek Reservoir,0.1103
2019-03-21,Squaw Creek Reservoir,0.0994
2019-03-22,Squaw Creek Reservoir,0.0888
2019-03-23,Squaw Creek Reservoir,0.0795
2019-03-24,Squaw Creek Reservoir,0.0712
2019-03-25,Squaw Creek Reservoir,0.0644
2019-03-26,Squaw Creek Reservoir,0.0585
2019-03-27,Squaw Creek Reservoir,0.053
2019-03-28,Squaw Creek Reservoir,0.0482
2019-03-29,Squaw Creek Reservoir,0.0444
2019-03-30,Squaw Creek Reservoir,0.0412
2019-03-31,Squaw Creek Reservoir,0.0386
2019-04-01,Squaw Creek Reservoir,0.0461
2019-04-02,Squaw Creek Reservoir,0.0404
2019-04-03,Squaw Creek Reservoir,0.0338
2019-04-04,Squaw Creek Reservoir,0.0328
2019-04-05,Squaw Creek Reservoir,0.0318
2019-04-06,Squaw Creek Reservoir,0.0309
2019-04-07,Squaw Creek Reservoir,0.0301
2019-04-08,Squaw Creek Reservoir,0.0467
2019-04-09,Squaw Creek Reservoir,0.0288
2019-04-10,Squaw Creek Reservoir,0.0281
2019-04-11,Squaw Creek Reservoir,0.0275
2019-04-12,Squaw Creek Reservoir,0.027
2019-04-13,Squaw Creek Reservoir,0.0264
2019-04-14,Squaw Creek Reservoir,0.056
2019-04-15,Squaw Creek Reservoir,0.0268
2019-04-16,Squaw Creek Reservoir,0.0251
2019-04-17,Squaw Creek Reservoir,0.0247
2019-04-18,Squaw Creek Reservoir,0.0377
2019-04-19,Squaw Creek Reservoir,0.4561
2019-04-20,Squaw Creek Reservoir,0.0354
2019-04-21,Squaw Creek Reservoir,0.0496
2019-04-22,Squaw Creek Reservoir,0.0527
2019-04-23,Squaw Creek Reservoir,0.0523
2019-04-24,Squaw Creek Reservoir,0.05
2019-04-25,Squaw Creek Reservoir,0.0479
2019-04-26,Squaw Creek Reservoir,0.045
2019-04-27,Squaw Creek Reservoir,0.042
2019-04-28,Squaw Creek Reservoir,0.039
2019-04-29,Squaw Creek Reservoir,0.0372
2019-04-30,Squaw Creek Reservoir,0.0769
2019-05-01,Squaw Creek Reservoir,0.0334
2019-05-02,Squaw Creek Reservoir,0.0325
2019-05-03,Squaw Creek Reservoir,0.0363
2019-05-04,Squaw Creek Reservoir,0.0322
2019-05-05,Squaw Creek Reservoir,0.0298
2019-05-06,Squaw Creek Reservoir,0.0638
2019-05-07,Squaw Creek Reservoir,0.0283
2019-05-08,Squaw Creek Reservoir,0.0276
2019-05-09,Squaw Creek Reservoir,0.0272
2019-05-10,Squaw Creek Reservoir,0.0264
2019-05-11,Squaw Creek Reservoir,0.0256
2019-05-12,Squaw Creek Reservoir,0.025
2019-05-13,Squaw Creek Reservoir,0.0246
2019-05-14,Squaw Creek Reservoir,0.0327
2019-05-15,Squaw Creek Reservoir,0.0404
2019-05-16,Squaw Creek Reservoir,0.0231
2019-05-17,Squaw Creek Reservoir,0.0228
2019-05-18,Squaw Creek Reservoir,0.0224
2019-05-19,Squaw Creek Reservoir,0.1867
2019-05-20,Squaw Creek Reservoir,0.022
2019-05-21,Squaw Creek Reservoir,0.024
2019-05-22,Squaw Creek Reservoir,0.0221
2019-05-23,Squaw Creek Reservoir,0.1858
2019-05-24,Squaw Creek Reservoir,0.023
2019-05-25,Squaw Creek Reservoir,0.0242
2019-05-26,Squaw Creek Reservoir,0.0248
2019-05-27,Squaw Creek Reservoir,0.0244
2019-05-28,Squaw Creek Reservoir,0.0242
2019-05-29,Squaw Creek Reservoir,0.0232
2019-05-30,Squaw Creek Reservoir,0.0226
2019-05-31,Squaw Creek Reservoir,0.022
2019-06-01,Squaw Creek Reservoir,0.0215
2019-06-02,Squaw Creek Reservoir,0.021
2019-06-03,Squaw Creek Reservoir,0.0205
2019-06-04,Squaw Creek Reservoir,0.0205
2019-06-05,Squaw Creek Reservoir,0.0238
2019-06-06,Squaw Creek Reservoir,0.0196
2019-06-07,Squaw Creek Reservoir,0.0203
2019-06-08,Squaw Creek Reservoir,0.2927
2019-06-09,Squaw Creek Reservoir,0.4183
2019-06-10,Squaw Creek Reservoir,0.1181
2019-06-11,Squaw Creek Reservoir,0.0912
2019-06-12,Squaw Creek Reservoir,0.0741
2019-06-13,Squaw Creek Reservoir,0.0675
2019-06-14,Squaw Creek Reservoir,0.0552
2019-06-15,Squaw Creek Reservoir,0.0643
2019-06-16,Squaw Creek Reservoir,0.2598
2019-06-17,Squaw Creek Reservoir,0.0677
2019-06-18,Squaw Creek Reservoir,0.0755
2019-06-19,Squaw Creek Reservoir,0.0606
2019-06-20,Squaw Creek Reservoir,0.0504
2019-06-21,Squaw Creek Reservoir,0.0461
2019-06-22,Squaw Creek Reservoir,0.0425
2019-06-23,Squaw Creek Reservoir,0.0394
2019-06-24,Squaw Creek Reservoir,0.0368
2019-06-25,Squaw Creek Reservoir,0.0345
2019-06-26,Squaw Creek Reservoir,0.0326
2019-06-27,Squaw Creek Reservoir,0.031
2019-06-28,Squaw Creek Reservoir,0.0296
2019-06-29,Squaw Creek Reservoir,0.0284
2019-06-30,Squaw Creek Reservoir,0.057
2019-07-01,Squaw Creek Reservoir,0.0267
2019-07-02,Squaw Creek Reservoir,0.0258
2019-07-03,Squaw Creek Reservoir,0.0249
2019-07-04,Squaw Creek Reservoir,0.0242
2019-07-05,Squaw Creek Reservoir,0.0288
2019-07-06,Squaw Creek Reservoir,0.023
2019-07-07,Squaw Creek Reservoir,0.023
2019-07-08,Squaw Creek Reservoir,0.022
2019-07-09,Squaw Creek Reservoir,0.0215
2019-07-10,Squaw Creek Reservoir,0.0233
2019-07-11,Squaw Creek Reservoir,0.0277
2019-07-12,Squaw Creek Reservoir,0.021
2019-07-13,Squaw Creek Reservoir,0.0199
2019-07-14,Squaw Creek Reservoir,0.0211
2019-07-15,Squaw Creek Reservoir,0.022
2019-07-16,Squaw Creek Reservoir,0.0192
2019-07-17,Squaw Creek Reservoir,0.0188
2019-07-18,Squaw Creek Reservoir,0.0183
2019-07-19,Squaw Creek Reservoir,0.018
2019-07-20,Squaw Creek Reservoir,0.0259
2019-07-21,Squaw Creek Reservoir,0.0176
2019-07-22,Squaw Creek Reservoir,0.0174
2019-07-23,Squaw Creek Reservoir,0.0178
2019-07-24,Squaw Creek Reservoir,0.0175
2019-07-25,Squaw Creek Reservoir,0.0168
2019-07-26,Squaw Creek Reservoir,0.0166
2019-07-27,Squaw Creek Reservoir,0.0164
2019-07-28,Squaw Creek Reservoir,0.0162
2019-07-29,Squaw Creek Reservoir,0.0161
2019-07-30,Squaw Creek Reservoir,0.0159
2019-07-31,Squaw Creek Reservoir,0.0158
2019-08-01,Squaw Creek Reservoir,0.0174
2019-08-02,Squaw Creek Reservoir,0.073
2019-08-03,Squaw Creek Reservoir,0.0155
2019-08-04,Squaw Creek Reservoir,0.0153
2019-08-05,Squaw Creek Reservoir,0.0152
2019-08-06,Squaw Creek Reservoir,0.0153
2019-08-07,Squaw Creek Reservoir,0.0198
2019-08-08,Squaw Creek Reservoir,0.0432
2019-08-09,Squaw Creek Reservoir,0.1289
2019-08-10,Squaw Creek Reservoir,0.0146
2019-08-11,Squaw Creek Reservoir,0.0145
2019-08-12,Squaw Creek Reservoir,0.0144
2019-08-13,Squaw Creek Reservoir,0.0143
2019-08-14,Squaw Creek Reservoir,0.0142
2019-08-15,Squaw Creek Reservoir,0.0141
2019-08-16,Squaw Creek Reservoir,0.0141
2019-08-17,Squaw Creek Reservoir,0.014
2019-08-18,Squaw Creek Reservoir,0.0139
2019-08-19,Squaw Creek Reservoir,0.0137
2019-08-20,Squaw Creek Reservoir,0.0138
2019-08-21,Squaw Creek Reservoir,0.0149
2019-08-22,Squaw Creek Reservoir,0.0298
2019-08-23,Squaw Creek Reservoir,0.0133
2019-08-24,Squaw Creek Reservoir,0.0132
2019-08-25,Squaw Creek Reservoir,0.0131
2019-08-26,Squaw Creek Reservoir,0.0133
2019-08-27,Squaw Creek Reservoir,0.0181
2019-08-28,Squaw Creek Reservoir,0.0161
2019-08-29,Squaw Creek Reservoir,0.0127
2019-08-30,Squaw Creek Reservoir,0.0126
2019-08-31,Squaw Creek Reservoir,0.0126
2019-09-01,Squaw Creek Reservoir,0.0133
2019-09-02,Squaw Creek Reservoir,0.0124
2019-09-03,Squaw Creek Reservoir,0.0123
2019-09-04,Squaw Creek Reservoir,0.0122
2019-09-05,Squaw Creek Reservoir,0.1153
2019-09-06,Squaw Creek Reservoir,0.4721
2019-09-07,Squaw Creek Reservoir,0.0759
2019-09-08,Squaw Creek Reservoir,0.0829
2019-09-09,Squaw Creek Reservoir,0.0615
2019-09-10,Squaw Creek Reservoir,0.0512
2019-09-11,Squaw Creek Reservoir,0.042
2019-09-12,Squaw Creek Reservoir,0.037
2019-09-13,Squaw Creek Reservoir,0.0332
2019-09-14,Squaw Creek Reservoir,0.0302
2019-09-15,Squaw Creek Reservoir,0.0276
2019-09-16,Squaw Creek Reservoir,0.0253
2019-09-17,Squaw Creek Reservoir,0.0237
2019-09-18,Squaw Creek Reservoir,0.0237
2019-09-19,Squaw Creek Reservoir,0.0223
2019-09-20,Squaw Creek Reservoir,0.0207
2019-09-21,Squaw Creek Reservoir,0.0191
2019-09-22,Squaw Creek Reservoir,0.0183
2019-09-23,Squaw Creek Reservoir,0.0176
2019-09-24,Squaw Creek Reservoir,0.017
2019-09-25,Squaw Creek Reservoir,0.0164
2019-09-26,Squaw Creek Reservoir,0.0159
2019-09-27,Squaw Creek Reservoir,0.0164
2019-09-28,Squaw Creek Reservoir,0.0189
2019-09-29,Squaw Creek Reservoir,0.0145
2019-09-30,Squaw Creek Reservoir,0.017
2019-10-01,Squaw Creek Reservoir,0.0145
2019-10-02,Squaw Creek Reservoir,0.0136
2019-10-03,Squaw Creek Reservoir,0.0132
2019-10-04,Squaw Creek Reservoir,0.0129
2019-10-05,Squaw Creek Reservoir,0.0126
2019-10-06,Squaw Creek Reservoir,0.0124
2019-10-07,Squaw Creek Reservoir,0.0124
2019-10-08,Squaw Creek Reservoir,0.0734
2019-10-09,Squaw Creek Reservoir,0.0215
2019-10-10,Squaw Creek Reservoir,0.0124
2019-10-11,Squaw Creek Reservoir,0.0114
2019-10-12,Squaw Creek Reservoir,0.0112
2019-10-13,Squaw Creek Reservoir,0.0111
2019-10-14,Squaw Creek Reservoir,0.011
2019-10-15,Squaw Creek Reservoir,0.0108
2019-10-16,Squaw Creek Reservoir,0.2634
2019-10-17,Squaw Creek Reservoir,0.6542
2019-10-18,Squaw Creek Reservoir,1.4807
2019-10-19,Squaw Creek Reservoir,0.471
2019-10-20,Squaw Creek Reservoir,0.3205
2019-10-21,Squaw Creek Reservoir,0.2336
2019-10-22,Squaw Creek Reservoir,0.1851
2019-10-23,Squaw Creek Reservoir,0.1689
2019-10-24,Squaw Creek Reservoir,0.1537
2019-10-25,Squaw Creek Reservoir,0.1322
2019-10-26,Squaw Creek Reservoir,0.1155
2019-10-27,Squaw Creek Reservoir,0.1012
2019-10-28,Squaw Creek Reservoir,0.0887
2019-10-29,Squaw Creek Reservoir,0.0788
2019-10-30,Squaw Creek Reservoir,0.0711
2019-10-31,Squaw Creek Reservoir,0.0646
2019-11-01,Squaw Creek Reservoir,0.0593
2019-11-02,Squaw Creek Reservoir,0.0548
2019-11-03,Squaw Creek Reservoir,0.0507
2019-11-04,Squaw Creek Reservoir,0.0472
2019-11-05,Squaw Creek Reservoir,0.0448
2019-11-06,Squaw Creek Reservoir,0.047
2019-11-07,Squaw Creek Reservoir,0.0411
2019-11-08,Squaw Creek Reservoir,0.0386
2019-11-09,Squaw Creek Reservoir,0.036
2019-11-10,Squaw Creek Reservoir,0.0338
2019-11-11,Squaw Creek Reservoir,0.0321
2019-11-12,Squaw Creek Reservoir,0.0309
2019-11-13,Squaw Creek Reservoir,0.0296
2019-11-14,Squaw Creek Reservoir,0.0285
2019-11-15,Squaw Creek Reservoir,0.0275
2019-11-16,Squaw Creek Reservoir,0.0267
2019-11-17,Squaw Creek Reservoir,0.0259
2019-11-18,Squaw Creek Reservoir,0.0252
2019-11-19,Squaw Creek Reservoir,0.0246
2019-11-20,Squaw Creek Reservoir,0.024
2019-11-21,Squaw Creek Reservoir,0.0234
2019-11-22,Squaw Creek Reservoir,0.0229
2019-11-23,Squaw Creek Reservoir,0.0227
2019-11-24,Squaw Creek Reservoir,0.023
2019-11-25,Squaw Creek Reservoir,0.0218
2019-11-26,Squaw Creek Reservoir,0.0214
2019-11-27,Squaw Creek Reservoir,0.0211
2019-11-28,Squaw Creek Reservoir,0.0207
2019-11-29,Squaw Creek Reservoir,0.0204
2019-11-30,Squaw Creek Reservoir,0.0354
2019-12-01,Squaw Creek Reservoir,0.0201
2019-12-02,Squaw Creek Reservoir,0.0196
2019-12-03,Squaw Creek Reservoir,0.0196
2019-12-04,Squaw Creek Reservoir,0.0192
2019-12-05,Squaw Creek Reservoir,0.019
2019-12-06,Squaw Creek Reservoir,0.0188
2019-12-07,Squaw Creek Reservoir,0.0187
2019-12-08,Squaw Creek Reservoir,0.0185
2019-12-09,Squaw Creek Reservoir,0.0204
2019-12-10,Squaw Creek Reservoir,0.0182
2019-12-11,Squaw Creek Reservoir,0.0182
2019-12-12,Squaw Creek Reservoir,0.018
2019-12-13,Squaw Creek Reservoir,0.0177
2019-12-14,Squaw Creek Reservoir,0.0176
2019-12-15,Squaw Creek Reservoir,0.0174
2019-12-16,Squaw Creek Reservoir,0.0215
2019-12-17,Squaw Creek Reservoir,0.0292
2019-12-18,Squaw Creek Reservoir,0.0171
2019-12-19,Squaw Creek Reservoir,0.017
2019-12-20,Squaw Creek Reservoir,0.0168
2019-12-21,Squaw Creek Reservoir,0.0167
2019-12-22,Squaw Creek Reservoir,0.0166
2019-12-23,Squaw Creek Reservoir,0.0165
2019-12-24,Squaw Creek Reservoir,0.0297
2019-12-25,Squaw Creek Reservoir,0.0162
2019-12-26,Squaw Creek Reservoir,0.0161
2019-12-27,Squaw Creek Reservoir,0.016
2019-12-28,Squaw Creek Reservoir,0.0159
2019-12-29,Squaw Creek Reservoir,0.0158
2019-12-30,Squaw Creek Reservoir,0.0157
2019-12-31,Squaw Creek Reservoir,0.0156
2020-01-01,Squaw Creek Reservoir,0.0313
2020-01-02,Squaw Creek Reservoir,0.0165
2020-01-03,Squaw Creek Reservoir,0.0159
2020-01-04,Squaw Creek Reservoir,0.0159
2020-01-05,Squaw Creek Reservoir,0.0279
2020-01-06,Squaw Creek Reservoir,0.0489
2020-01-07,Squaw Creek Reservoir,0.0149
2020-01-08,Squaw Creek Reservoir,0.0148
2020-01-09,Squaw Creek Reservoir,0.0147
2020-01-10,Squaw Creek Reservoir,0.0148
2020-01-11,Squaw Creek Reservoir,0.0155
2020-01-12,Squaw Creek Reservoir,0.0144
2020-01-13,Squaw Creek Reservoir,0.0143
2020-01-14,Squaw Creek Reservoir,0.0182
2020-01-15,Squaw Creek Reservoir,0.0222
2020-01-16,Squaw Creek Reservoir,0.014
2020-01-17,Squaw Creek Reservoir,0.0845
2020-01-18,Squaw Creek Reservoir,0.0139
2020-01-19,Squaw Creek Reservoir,0.0138
2020-01-20,Squaw Creek Reservoir,0.0137
2020-01-21,Squaw Creek Reservoir,0.0136
2020-01-22,Squaw Creek Reservoir,0.0135
2020-01-23,Squaw Creek Reservoir,0.0134
2020-01-24,Squaw Creek Reservoir,0.0133
2020-01-25,Squaw Creek Reservoir,0.0132
2020-01-26,Squaw Creek Reservoir,0.0131
2020-01-27,Squaw Creek Reservoir,0.013
2020-01-28,Squaw Creek Reservoir,0.013
2020-01-29,Squaw Creek Reservoir,0.0129
2020-01-30,Squaw Creek Reservoir,0.0128
2020-01-31,Squaw Creek Reservoir,0.0127
2020-02-01,Squaw Creek Reservoir,0.0126
2020-02-02,Squaw Creek Reservoir,0.0125
2020-02-03,Squaw Creek Reservoir,0.0124
2020-02-04,Squaw Creek Reservoir,0.0575
2020-02-05,Squaw Creek Reservoir,0.017
2020-02-06,Squaw Creek Reservoir,0.0125
2020-02-07,Squaw Creek Reservoir,0.0124
2020-02-08,Squaw Creek Reservoir,0.0121
2020-02-09,Squaw Creek Reservoir,0.012
2020-02-10,Squaw Creek Reservoir,0.0119
2020-02-11,Squaw Creek Reservoir,0.0119
2020-02-12,Squaw Creek Reservoir,0.0153
2020-02-13,Squaw Creek Reservoir,0.0862
2020-02-14,Squaw Creek Reservoir,0.0616
2020-02-15,Squaw Creek Reservoir,0.0117
2020-02-16,Squaw Creek Reservoir,0.0115
2020-02-17,Squaw Creek Reservoir,0.0119
2020-02-18,Squaw Creek Reservoir,0.0154
2020-02-19,Squaw Creek Reservoir,0.0116
2020-02-20,Squaw Creek Reservoir,0.0146
2020-02-21,Squaw Creek Reservoir,0.0112
2020-02-22,Squaw Creek Reservoir,0.0111
2020-02-23,Squaw Creek Reservoir,0.011
2020-02-24,Squaw Creek Reservoir,0.011
2020-02-25,Squaw Creek Reservoir,0.0109
2020-02-26,Squaw Creek Reservoir,0.0115
2020-02-27,Squaw Creek Reservoir,0.0158
2020-02-28,Squaw Creek Reservoir,0.0137
2020-02-29,Squaw Creek Reservoir,0.0136
2020-03-01,Squaw Creek Reservoir,0.055
2020-03-02,Squaw Creek Reservoir,0.0111
2020-03-03,Squaw Creek Reservoir,0.0106
2020-03-04,Squaw Creek Reservoir,0.0104
2020-03-05,Squaw Creek Reservoir,0.0104
2020-03-06,Squaw Creek Reservoir,0.0104
2020-03-07,Squaw Creek Reservoir,0.0109
2020-03-08,Squaw Creek Reservoir,0.0111
2020-03-09,Squaw Creek Reservoir,0.0102
2020-03-10,Squaw Creek Reservoir,0.0101
2020-03-11,Squaw Creek Reservoir,0.01
2020-03-12,Squaw Creek Reservoir,0.0175
2020-03-13,Squaw Creek Reservoir,0.01
2020-03-14,Squaw Creek Reservoir,0.0099
2020-03-15,Squaw Creek Reservoir,0.014
2020-03-16,Squaw Creek Reservoir,0.0097
2020-03-17,Squaw Creek Reservoir,0.0097
2020-03-18,Squaw Creek Reservoir,0.0096
2020-03-19,Squaw Creek Reservoir,0.0096
2020-03-20,Squaw Creek Reservoir,0.0136
2020-03-21,Squaw Creek Reservoir,0.0904
2020-03-22,Squaw Creek Reservoir,0.0233
2020-03-23,Squaw Creek Reservoir,0.0094
2020-03-24,Squaw Creek Reservoir,0.0093
2020-03-25,Squaw Creek Reservoir,0.0092
2020-03-26,Squaw Creek Reservoir,0.0665
2020-03-27,Squaw Creek Reservoir,0.0115
2020-03-28,Squaw Creek Reservoir,0.0091
2020-03-29,Squaw Creek Reservoir,0.0091
2020-03-30,Squaw Creek Reservoir,0.009
2020-03-31,Squaw Creek Reservoir,0.009
2020-04-01,Squaw Creek Reservoir,0.0089
2020-04-02,Squaw Creek Reservoir,0.0089
2020-04-03,Squaw Creek Reservoir,0.0088
2020-04-04,Squaw Creek Reservoir,0.0088
2020-04-05,Squaw Creek Reservoir,0.0087
2020-04-06,Squaw Creek Reservoir,0.0087
2020-04-07,Squaw Creek Reservoir,0.0086
2020-04-08,Squaw Creek Reservoir,0.0086
2020-04-09,Squaw Creek Reservoir,0.0085
2020-04-10,Squaw Creek Reservoir,0.0085
2020-04-11,Squaw Creek Reservoir,0.0084
2020-04-12,Squaw Creek Reservoir,0.0084
2020-04-13,Squaw Creek Reservoir,0.0083
2020-04-14,Squaw Creek Reservoir,0.0085
2020-04-15,Squaw Creek Reservoir,0.0083
2020-04-16,Squaw Creek Reservoir,0.0081
2020-04-17,Squaw Creek Reservoir,0.0081
2020-04-18,Squaw Creek Reservoir,0.008
2020-04-19,Squaw Creek Reservoir,0.008
2020-04-20,Squaw Creek Reservoir,0.008
2020-04-21,Squaw Creek Reservoir,0.0079
2020-04-22,Squaw Creek Reservoir,0.0079
2020-04-23,Squaw Creek Reservoir,0.0078
2020-04-24,Squaw Creek Reservoir,0.0078
2020-04-25,Squaw Creek Reservoir,0.0077
2020-04-26,Squaw Creek Reservoir,0.0077
2020-04-27,Squaw Creek Reservoir,0.0076
2020-04-28,Squaw Creek Reservoir,0.0076
2020-04-29,Squaw Creek Reservoir,0.0078
2020-04-30,Squaw Creek Reservoir,0.0076
2020-05-01,Squaw Creek Reservoir,0.0075
2020-05-02,Squaw Creek Reservoir,0.0074
2020-05-03,Squaw Creek Reservoir,0.0073
2020-05-04,Squaw Creek Reservoir,0.0073
2020-05-05,Squaw Creek Reservoir,0.0073
2020-05-06,Squaw Creek Reservoir,0.0072
2020-05-07,Squaw Creek Reservoir,0.0173
2020-05-08,Squaw Creek Reservoir,0.0071
2020-05-09,Squaw Creek Reservoir,0.0071
2020-05-10,Squaw Creek Reservoir,0.007
2020-05-11,Squaw Creek Reservoir,0.0072
2020-05-12,Squaw Creek Reservoir,0.007
2020-05-13,Squaw Creek Reservoir,0.0069
2020-05-14,Squaw Creek Reservoir,0.0069
2020-05-15,Squaw Creek Reservoir,0.0069
2020-05-16,Squaw Creek Reservoir,0.1504
2020-05-17,Squaw Creek Reservoir,0.0068
2020-05-18,Squaw Creek Reservoir,0.0067
2020-05-19,Squaw Creek Reservoir,0.0067
2020-05-20,Squaw Creek Reservoir,0.0066
2020-05-21,Squaw Creek Reservoir,0.0069
2020-05-22,Squaw Creek Reservoir,0.0067
2020-05-23,Squaw Creek Reservoir,0.0065
2020-05-24,Squaw Creek Reservoir,0.0066
2020-05-25,Squaw Creek Reservoir,0.0064
2020-05-26,Squaw Creek Reservoir,0.0108
2020-05-27,Squaw Creek Reservoir,0.081
2020-05-28,Squaw Creek Reservoir,0.0064
2020-05-29,Squaw Creek Reservoir,0.0063
2020-05-30,Squaw Creek Reservoir,0.0063
2020-05-31,Squaw Creek Reservoir,0.0064
2020-06-01,Squaw Creek Reservoir,0.0076
2020-06-02,Squaw Creek Reservoir,0.0151
2020-06-03,Squaw Creek Reservoir,0.0061
2020-06-04,Squaw Creek Reservoir,0.0063
2020-06-05,Squaw Creek Reservoir,0.0063
2020-06-06,Squaw Creek Reservoir,0.0061
2020-06-07,Squaw Creek Reservoir,0.0064
2020-06-08,Squaw Creek Reservoir,0.006
2020-06-09,Squaw Creek Reservoir,0.0144
2020-06-10,Squaw Creek Reservoir,0.0059
2020-06-11,Squaw Creek Reservoir,0.0058
2020-06-12,Squaw Creek Reservoir,0.0058
2020-06-13,Squaw Creek Reservoir,0.0058
2020-06-14,Squaw Creek Reservoir,0.0058
2020-06-15,Squaw Creek Reservoir,0.0057
2020-06-16,Squaw Creek Reservoir,0.0057
2020-06-17,Squaw Creek Reservoir,0.0057
2020-06-18,Squaw Creek Reservoir,0.0056
2020-06-19,Squaw Creek Reservoir,0.0056
2020-06-20,Squaw Creek Reservoir,0.0056
2020-06-21,Squaw Creek Reservoir,0.0056
2020-06-22,Squaw Creek Reservoir,0.0062
2020-06-23,Squaw Creek Reservoir,0.0057
2020-06-24,Squaw Creek Reservoir,0.0054
2020-06-25,Squaw Creek Reservoir,0.0054
2020-06-26,Squaw Creek Reservoir,0.0054
2020-06-27,Squaw Creek Reservoir,0.0054
2020-06-28,Squaw Creek Reservoir,0.0053
2020-06-29,Squaw Creek Reservoir,0.0053
2020-06-30,Squaw Creek Reservoir,0.0165
2020-07-01,Squaw Creek Reservoir,0.0052
2020-07-02,Squaw Creek Reservoir,0.0052
2020-07-03,Squaw Creek Reservoir,0.0052
2020-07-04,Squaw Creek Reservoir,0.0052
2020-07-05,Squaw Creek Reservoir,0.0051
2020-07-06,Squaw Creek Reservoir,0.0051
2020-07-07,Squaw Creek Reservoir,0.0279
2020-07-08,Squaw Creek Reservoir,0.0056
2020-07-09,Squaw Creek Reservoir,0.005
2020-07-10,Squaw Creek Reservoir,0.005
2020-07-11,Squaw Creek Reservoir,0.005
2020-07-12,Squaw Creek Reservoir,0.005
2020-07-13,Squaw Creek Reservoir,0.0049
2020-07-14,Squaw Creek Reservoir,0.0053
2020-07-15,Squaw Creek Reservoir,0.0065
2020-07-16,Squaw Creek Reservoir,0.0049
2020-07-17,Squaw Creek Reservoir,0.0053
2020-07-18,Squaw Creek Reservoir,0.0048
2020-07-19,Squaw Creek Reservoir,0.005
2020-07-20,Squaw Creek Reservoir,0.005
2020-07-21,Squaw Creek Reservoir,0.0047
2020-07-22,Squaw Creek Reservoir,0.005
2020-07-23,Squaw Creek Reservoir,0.0052
2020-07-24,Squaw Creek Reservoir,0.0225
2020-07-25,Squaw Creek Reservoir,0.0072
2020-07-26,Squaw Creek Reservoir,0.0089
2020-07-27,Squaw Creek Reservoir,0.0046
2020-07-28,Squaw Creek Reservoir,0.0057
2020-07-29,Squaw Creek Reservoir,0.0075
2020-07-30,Squaw Creek Reservoir,0.0203
2020-07-31,Squaw Creek Reservoir,0.009
2020-08-01,Squaw Creek Reservoir,0.0045
2020-08-02,Squaw Creek Reservoir,0.0046
2020-08-03,Squaw Creek Reservoir,0.0044
2020-08-04,Squaw Creek Reservoir,0.0045
2020-08-05,Squaw Creek Reservoir,0.0044
2020-08-06,Squaw Creek Reservoir,0.0043
2020-08-07,Squaw Creek Reservoir,0.0044
2020-08-08,Squaw Creek Reservoir,0.0056
2020-08-09,Squaw Creek Reservoir,0.0057
2020-08-10,Squaw Creek Reservoir,0.0043
2020-08-11,Squaw Creek Reservoir,0.0042
2020-08-12,Squaw Creek Reservoir,0.0042
2020-08-13,Squaw Creek Reservoir,0.0042
2020-08-14,Squaw Creek Reservoir,0.0042
2020-08-15,Squaw Creek Reservoir,0.0042
2020-08-16,Squaw Creek Reservoir,0.0044
2020-08-17,Squaw Creek Reservoir,0.0041
2020-08-18,Squaw Creek Reservoir,0.0052
2020-08-19,Squaw Creek Reservoir,0.0052
2020-08-20,Squaw Creek Reservoir,0.004
2020-08-21,Squaw Creek Reservoir,0.004
2020-08-22,Squaw Creek Reservoir,0.004
2020-08-23,Squaw Creek Reservoir,0.004
2020-08-24,Squaw Creek Reservoir,0.004
2020-08-25,Squaw Creek Reservoir,0.004
2020-08-26,Squaw Creek Reservoir,0.1108
2020-08-27,Squaw Creek Reservoir,0.1082
2020-08-28,Squaw Creek Reservoir,0.0042
2020-08-29,Squaw Creek Reservoir,0.0039
2020-08-30,Squaw Creek Reservoir,0.004
2020-08-31,Squaw Creek Reservoir,0.0044
2020-09-01,Squaw Creek Reservoir,0.0054
2020-09-02,Squaw Creek Reservoir,0.0039
2020-09-03,Squaw Creek Reservoir,0.0039
2020-09-04,Squaw Creek Reservoir,0.011
2020-09-05,Squaw Creek Reservoir,0.0231
2020-09-06,Squaw Creek Reservoir,0.0039
2020-09-07,Squaw Creek Reservoir,0.0038
2020-09-08,Squaw Creek Reservoir,0.0038
2020-09-09,Squaw Creek Reservoir,0.0038
2020-09-10,Squaw Creek Reservoir,0.0038
2020-09-11,Squaw Creek Reservoir,0.0619
2020-09-12,Squaw Creek Reservoir,0.0038
2020-09-13,Squaw Creek Reservoir,0.0038
2020-09-14,Squaw Creek Reservoir,0.0038
2020-09-15,Squaw Creek Reservoir,0.0038
2020-09-16,Squaw Creek Reservoir,0.0038
2020-09-17,Squaw Creek Reservoir,0.0038
2020-09-18,Squaw Creek Reservoir,0.0037
2020-09-19,Squaw Creek Reservoir,0.0037
2020-09-20,Squaw Creek Reservoir,0.0037
2020-09-21,Squaw Creek Reservoir,0.0037
2020-09-22,Squaw Creek Reservoir,0.0037
2020-09-23,Squaw Creek Reservoir,0.0037
2020-09-24,Squaw Creek Reservoir,0.0037
2020-09-25,Squaw Creek Reservoir,0.0037
2020-09-26,Squaw Creek Reservoir,0.0086
2020-09-27,Squaw Creek Reservoir,0.0037
2020-09-28,Squaw Creek Reservoir,0.0038
2020-09-29,Squaw Creek Reservoir,0.0038
2020-09-30,Squaw Creek Reservoir,0.0037
2020-10-01,Squaw Creek Reservoir,0.0036
2020-10-02,Squaw Creek Reservoir,0.0055
2020-10-03,Squaw Creek Reservoir,0.0036
2020-10-04,Squaw Creek Reservoir,0.0036
2020-10-05,Squaw Creek Reservoir,0.0053
2020-10-06,Squaw Creek Reservoir,0.0625
2020-10-07,Squaw Creek Reservoir,0.0036
2020-10-08,Squaw Creek Reservoir,0.0038
2020-10-09,Squaw Creek Reservoir,0.0037
2020-10-10,Squaw Creek Reservoir,0.0035
2020-10-11,Squaw Creek Reservoir,0.0035
2020-10-12,Squaw Creek Reservoir,0.0035
2020-10-13,Squaw Creek Reservoir,0.0035
2020-10-14,Squaw Creek Reservoir,0.0035
2020-10-15,Squaw Creek Reservoir,0.0035
2020-10-16,Squaw Creek Reservoir,0.0034
2020-10-17,Squaw Creek Reservoir,0.0034
2020-10-18,Squaw Creek Reservoir,0.0034
2020-10-19,Squaw Creek Reservoir,0.0034
2020-10-20,Squaw Creek Reservoir,0.0034
2020-10-21,Squaw Creek Reservoir,0.0034
2020-10-22,Squaw Creek Reservoir,0.0034
2020-10-23,Squaw Creek Reservoir,0.0034
2020-10-24,Squaw Creek Reservoir,0.0217
2020-10-25,Squaw Creek Reservoir,0.1169
2020-10-26,Squaw Creek Reservoir,0.0042
2020-10-27,Squaw Creek Reservoir,0.1289
2020-10-28,Squaw Creek Reservoir,0.0041
2020-10-29,Squaw Creek Reservoir,0.0299
2020-10-30,Squaw Creek Reservoir,0.0034
2020-10-31,Squaw Creek Reservoir,0.0034
2020-11-01,Squaw Creek Reservoir,0.0035
2020-11-02,Squaw Creek Reservoir,0.0035
2020-11-03,Squaw Creek Reservoir,0.0036
2020-11-04,Squaw Creek Reservoir,0.0038
2020-11-05,Squaw Creek Reservoir,0.0113
2020-11-06,Squaw Creek Reservoir,0.0679
2020-11-07,Squaw Creek Reservoir,0.004
2020-11-08,Squaw Creek Reservoir,0.0037
2020-11-09,Squaw Creek Reservoir,0.0037
2020-11-10,Squaw Creek Reservoir,0.0037
2020-11-11,Squaw Creek Reservoir,0.0038
2020-11-12,Squaw Creek Reservoir,0.0038
2020-11-13,Squaw Creek Reservoir,0.0038
2020-11-14,Squaw Creek Reservoir,0.0038
2020-11-15,Squaw Creek Reservoir,0.0038
2020-11-16,Squaw Creek Reservoir,0.0039
2020-11-17,Squaw Creek Reservoir,0.0039
2020-11-18,Squaw Creek Reservoir,0.0039
2020-11-19,Squaw Creek Reservoir,0.0039
2020-11-20,Squaw Creek Reservoir,0.0039
2020-11-21,Squaw Creek Reservoir,0.0039
2020-11-22,Squaw Creek Reservoir,0.004
2020-11-23,Squaw Creek Reservoir,0.004
2020-11-24,Squaw Creek Reservoir,0.004
2020-11-25,Squaw Creek Reservoir,0.004
2020-11-26,Squaw Creek Reservoir,0.0163
2020-11-27,Squaw Creek Reservoir,0.0243
2020-11-28,Squaw Creek Reservoir,0.004
2020-11-29,Squaw Creek Reservoir,0.004
2020-11-30,Squaw Creek Reservoir,0.004
2020-12-01,Squaw Creek Reservoir,0.004
2020-12-02,Squaw Creek Reservoir,0.004
2020-12-03,Squaw Creek Reservoir,0.004
2020-12-04,Squaw Creek Reservoir,0.004
2020-12-05,Squaw Creek Reservoir,0.004
2020-12-06,Squaw Creek Reservoir,0.004
2020-12-07,Squaw Creek Reservoir,0.004
2020-12-08,Squaw Creek Reservoir,0.004
2020-12-09,Squaw Creek Reservoir,0.004
2020-12-10,Squaw Creek Reservoir,0.004
2020-12-11,Squaw Creek Reservoir,0.004
2020-12-12,Squaw Creek Reservoir,0.004
2020-12-13,Squaw Creek Reservoir,0.004
2020-12-14,Squaw Creek Reservoir,0.004
2020-12-15,Squaw Creek Reservoir,0.004
2020-12-16,Squaw Creek Reservoir,0.004
2020-12-17,Squaw Creek Reservoir,0.0042
2020-12-18,Squaw Creek Reservoir,0.004
2020-12-19,Squaw Creek Reservoir,0.0042
2020-12-20,Squaw Creek Reservoir,0.0039
2020-12-21,Squaw Creek Reservoir,0.0039
2020-12-22,Squaw Creek Reservoir,0.0039
2020-12-23,Squaw Creek Reservoir,0.0039
2020-12-24,Squaw Creek Reservoir,0.0039
2020-12-25,Squaw Creek Reservoir,0.0039
2020-12-26,Squaw Creek Reservoir,0.0039
2020-12-27,Squaw Creek Reservoir,0.0039
2020-12-28,Squaw Creek Reservoir,0.0041
2020-12-29,Squaw Creek Reservoir,0.0281
2020-12-30,Squaw Creek Reservoir,0.0426
2020-12-31,Squaw Creek Reservoir,0.0053
2021-01-01,Squaw Creek Reservoir,0.0039
2021-01-02,Squaw Creek Reservoir,0.0076
2021-01-03,Squaw Creek Reservoir,0.0038
2021-01-04,Squaw Creek Reservoir,0.0038
2021-01-05,Squaw Creek Reservoir,0.0038
2021-01-06,Squaw Creek Reservoir,0.0038
2021-01-07,Squaw Creek Reservoir,0.0037
2021-01-08,Squaw Creek Reservoir,0.0037
2021-01-09,Squaw Creek Reservoir,0.0038
2021-01-10,Squaw Creek Reservoir,0.0037
2021-01-11,Squaw Creek Reservoir,0.0037
2021-01-12,Squaw Creek Reservoir,0.0037
2021-01-13,Squaw Creek Reservoir,0.0037
2021-01-14,Squaw Creek Reservoir,0.0036
2021-01-15,Squaw Creek Reservoir,0.0036
2021-01-16,Squaw Creek Reservoir,0.0036
2021-01-17,Squaw Creek Reservoir,0.0036
2021-01-18,Squaw Creek Reservoir,0.0036
2021-01-19,Squaw Creek Reservoir,0.0036
2021-01-20,Squaw Creek Reservoir,0.0036
2021-01-21,Squaw Creek Reservoir,0.0037
2021-01-22,Squaw Creek Reservoir,0.0035
2021-01-23,Squaw Creek Reservoir,0.0035
2021-01-24,Squaw Creek Reservoir,0.0035
2021-01-25,Squaw Creek Reservoir,0.0101
2021-01-26,Squaw Creek Reservoir,0.089
2021-01-27,Squaw Creek Reservoir,0.1568
2021-01-28,Squaw Creek Reservoir,0.0094
2021-01-29,Squaw Creek Reservoir,0.0036
2021-01-30,Squaw Creek Reservoir,0.0036
2021-01-31,Squaw Creek Reservoir,0.0037
2021-02-01,Squaw Creek Reservoir,0.0038
2021-02-02,Squaw Creek Reservoir,0.0493
2021-02-03,Squaw Creek Reservoir,0.0044
2021-02-04,Squaw Creek Reservoir,0.0042
2021-02-05,Squaw Creek Reservoir,0.0042
2021-02-06,Squaw Creek Reservoir,0.004
2021-02-07,Squaw Creek Reservoir,0.0042
2021-02-08,Squaw Creek Reservoir,0.0518
2021-02-09,Squaw Creek Reservoir,0.0041
2021-02-10,Squaw Creek Reservoir,0.0044
2021-02-11,Squaw Creek Reservoir,0.0504
2021-02-12,Squaw Creek Reservoir,0.0043
2021-02-13,Squaw Creek Reservoir,0.0043
2021-02-14,Squaw Creek Reservoir,0.0043
2021-02-15,Squaw Creek Reservoir,0.0044
2021-02-16,Squaw Creek Reservoir,0.0044
2021-02-17,Squaw Creek Reservoir,0.0047
2021-02-18,Squaw Creek Reservoir,0.0044
2021-02-19,Squaw Creek Reservoir,0.0046
2021-02-20,Squaw Creek Reservoir,0.0047
2021-02-21,Squaw Creek Reservoir,0.0045
2021-02-22,Squaw Creek Reservoir,0.0045
2021-02-23,Squaw Creek Reservoir,0.0046
2021-02-24,Squaw Creek Reservoir,0.0046
2021-02-25,Squaw Creek Reservoir,0.0046
2021-02-26,Squaw Creek Reservoir,0.0065
2021-02-27,Squaw Creek Reservoir,0.0162
2021-02-28,Squaw Creek Reservoir,0.0088
2021-03-01,Squaw Creek Reservoir,0.0086
2021-03-02,Squaw Creek Reservoir,0.0092
2021-03-03,Squaw Creek Reservoir,0.0046
2021-03-04,Squaw Creek Reservoir,0.0046
2021-03-05,Squaw Creek Reservoir,0.0046
2021-03-06,Squaw Creek Reservoir,0.0046
2021-03-07,Squaw Creek Reservoir,0.0046
2021-03-08,Squaw Creek Reservoir,0.0046
2021-03-09,Squaw Creek Reservoir,0.0046
2021-03-10,Squaw Creek Reservoir,0.0046
2021-03-11,Squaw Creek Reservoir,0.0046
2021-03-12,Squaw Creek Reservoir,0.0046
2021-03-13,Squaw Creek Reservoir,0.0046
2021-03-14,Squaw Creek Reservoir,0.0046
2021-03-15,Squaw Creek Reservoir,0.0046
2021-03-16,Squaw Creek Reservoir,0.0046
2021-03-17,Squaw Creek Reservoir,0.0046
2021-03-18,Squaw Creek Reservoir,0.0504
2021-03-19,Squaw Creek Reservoir,0.0716
2021-03-20,Squaw Creek Reservoir,0.005
2021-03-21,Squaw Creek Reservoir,0.0045
2021-03-22,Squaw Creek Reservoir,0.0045
2021-03-23,Squaw Creek Reservoir,0.0681
2021-03-24,Squaw Creek Reservoir,0.0131
2021-03-25,Squaw Creek Reservoir,0.0045
2021-03-26,Squaw Creek Reservoir,0.0045
2021-03-27,Squaw Creek Reservoir,0.0045
2021-03-28,Squaw Creek Reservoir,0.0045
2021-03-29,Squaw Creek Reservoir,0.0045
2021-03-30,Squaw Creek Reservoir,0.0046
2021-03-31,Squaw Creek Reservoir,0.0047
2021-04-01,Squaw Creek Reservoir,0.0045
2021-04-02,Squaw Creek Reservoir,0.0055
2021-04-03,Squaw Creek Reservoir,0.0079
2021-04-04,Squaw Creek Reservoir,0.0719
2021-04-05,Squaw Creek Reservoir,0.0093
2021-04-06,Squaw Creek Reservoir,0.0167
2021-04-07,Squaw Creek Reservoir,0.0208
2021-04-08,Squaw Creek Reservoir,0.0088
2021-04-09,Squaw Creek Reservoir,0.0044
2021-04-10,Squaw Creek Reservoir,0.0043
2021-04-11,Squaw Creek Reservoir,0.0043
2021-04-12,Squaw Creek Reservoir,0.0044
2021-04-13,Squaw Creek Reservoir,0.0043
2021-04-14,Squaw Creek Reservoir,0.0067
2021-04-15,Squaw Creek Reservoir,0.0836
2021-04-16,Squaw Creek Reservoir,0.3031
2021-04-17,Squaw Creek Reservoir,0.0503
2021-04-18,Squaw Creek Reservoir,0.0049
2021-04-19,Squaw Creek Reservoir,0.0114
2021-04-20,Squaw Creek Reservoir,0.0112
2021-04-21,Squaw Creek Reservoir,0.0122
2021-04-22,Squaw Creek Reservoir,0.0148
2021-04-23,Squaw Creek Reservoir,0.0453
2021-04-24,Squaw Creek Reservoir,0.0427
2021-04-25,Squaw Creek Reservoir,0.0125
2021-04-26,Squaw Creek Reservoir,0.0432
2021-04-27,Squaw Creek Reservoir,0.0111
2021-04-28,Squaw Creek Reservoir,0.0105
2021-04-29,Squaw Creek Reservoir,0.01
2021-04-30,Squaw Creek Reservoir,0.0096
2021-05-01,Squaw Creek Reservoir,0.0104
2021-05-02,Squaw Creek Reservoir,0.0089
2021-05-03,Squaw Creek Reservoir,0.0929
2021-05-04,Squaw Creek Reservoir,0.0083
2021-05-05,Squaw Creek Reservoir,0.009
2021-05-06,Squaw Creek Reservoir,0.0149
2021-05-07,Squaw Creek Reservoir,0.0446
2021-05-08,Squaw Creek Reservoir,0.008
2021-05-09,Squaw Creek Reservoir,0.0291
2021-05-10,Squaw Creek Reservoir,0.2648
2021-05-11,Squaw Creek Reservoir,0.0665
2021-05-12,Squaw Creek Reservoir,0.032
2021-05-13,Squaw Creek Reservoir,0.0318
2021-05-14,Squaw Creek Reservoir,0.0256
2021-05-15,Squaw Creek Reservoir,0.0228
2021-05-16,Squaw Creek Reservoir,0.0206
2021-05-17,Squaw Creek Reservoir,0.0188
2021-05-18,Squaw Creek Reservoir,0.0174
2021-05-19,Squaw Creek Reservoir,0.0161
2021-05-20,Squaw Creek Reservoir,0.015
2021-05-21,Squaw Creek Reservoir,0.0141
2021-05-22,Squaw Creek Reservoir,0.0133
2021-05-23,Squaw Creek Reservoir,0.0126
2021-05-24,Squaw Creek Reservoir,0.012
2021-05-25,Squaw Creek Reservoir,0.0118
2021-05-26,Squaw Creek Reservoir,0.0109
2021-05-27,Squaw Creek Reservoir,0.0107
2021-05-28,Squaw Creek Reservoir,0.061
2021-05-29,Squaw Creek Reservoir,0.0202
2021-05-30,Squaw Creek Reservoir,0.0093
2021-05-31,Squaw Creek Reservoir,0.009
2021-06-01,Squaw Creek Reservoir,0.0087
2021-06-02,Squaw Creek Reservoir,0.0085
2021-06-03,Squaw Creek Reservoir,0.0082
2021-06-04,Squaw Creek Reservoir,0.008
2021-06-05,Squaw Creek Reservoir,0.0096
2021-06-06,Squaw Creek Reservoir,0.0076
2021-06-07,Squaw Creek Reservoir,0.0918
2021-06-08,Squaw Creek Reservoir,0.0122
2021-06-09,Squaw Creek Reservoir,0.0112
2021-06-10,Squaw Creek Reservoir,0.0108
2021-06-11,Squaw Creek Reservoir,0.017
2021-06-12,Squaw Creek Reservoir,0.1515
2021-06-13,Squaw Creek Reservoir,0.0762
2021-06-14,Squaw Creek Reservoir,0.0115
2021-06-15,Squaw Creek Reservoir,0.0122
2021-06-16,Squaw Creek Reservoir,0.0117
2021-06-17,Squaw Creek Reservoir,0.0112
2021-06-18,Squaw Creek Reservoir,0.0401
2021-06-19,Squaw Creek Reservoir,0.0103
2021-06-20,Squaw Creek Reservoir,0.0106
2021-06-21,Squaw Creek Reservoir,0.0277
2021-06-22,Squaw Creek Reservoir,0.0091
2021-06-23,Squaw Creek Reservoir,0.0088
2021-06-24,Squaw Creek Reservoir,0.0085
2021-06-25,Squaw Creek Reservoir,0.0083
2021-06-26,Squaw Creek Reservoir,0.0081
2021-06-27,Squaw Creek Reservoir,0.0078
2021-06-28,Squaw Creek Reservoir,0.0076
2021-06-29,Squaw Creek Reservoir,0.0074
2021-06-30,Squaw Creek Reservoir,0.0072
2021-07-01,Squaw Creek Reservoir,0.007
2021-07-02,Squaw Creek Reservoir,0.0069
2021-07-03,Squaw Creek Reservoir,0.0067
2021-07-04,Squaw Creek Reservoir,0.0066
2021-07-05,Squaw Creek Reservoir,0.0065
2021-07-06,Squaw Creek Reservoir,0.0064
2021-07-07,Squaw Creek Reservoir,0.0064
2021-07-08,Squaw Creek Reservoir,0.0063
2021-07-09,Squaw Creek Reservoir,0.0063
2021-07-10,Squaw Creek Reservoir,0.0062
2021-07-11,Squaw Creek Reservoir,0.0062
2021-07-12,Squaw Creek Reservoir,0.0061
2021-07-13,Squaw Creek Reservoir,0.0061
2021-07-14,Squaw Creek Reservoir,0.006
2021-07-15,Squaw Creek Reservoir,0.006
2021-07-16,Squaw Creek Reservoir,0.0059
2021-07-17,Squaw Creek Reservoir,0.0059
2021-07-18,Squaw Creek Reservoir,0.0059
2021-07-19,Squaw Creek Reservoir,0.0059
2021-07-20,Squaw Creek Reservoir,0.0059
2021-07-21,Squaw Creek Reservoir,0.0211
2021-07-22,Squaw Creek Reservoir,0.0254
2021-07-23,Squaw Creek Reservoir,0.027
2021-07-24,Squaw Creek Reservoir,0.0058
2021-07-25,Squaw Creek Reservoir,0.0057
2021-07-26,Squaw Creek Reservoir,0.0062
2021-07-27,Squaw Creek Reservoir,0.0059
2021-07-28,Squaw Creek Reservoir,0.006
2021-07-29,Squaw Creek Reservoir,0.0063
2021-07-30,Squaw Creek Reservoir,0.006
2021-07-31,Squaw Creek Reservoir,0.0063
2021-08-01,Squaw Creek Reservoir,0.0117
2021-08-02,Squaw Creek Reservoir,0.0057
2021-08-03,Squaw Creek Reservoir,0.0089
2021-08-04,Squaw Creek Reservoir,0.009
2021-08-05,Squaw Creek Reservoir,0.0549
2021-08-06,Squaw Creek Reservoir,0.0075
2021-08-07,Squaw Creek Reservoir,0.0054
2021-08-08,Squaw Creek Reservoir,0.0054
2021-08-09,Squaw Creek Reservoir,0.0054
2021-08-10,Squaw Creek Reservoir,0.0053
2021-08-11,Squaw Creek Reservoir,0.0053
2021-08-12,Squaw Creek Reservoir,0.0053
2021-08-13,Squaw Creek Reservoir,0.0157
2021-08-14,Squaw Creek Reservoir,0.0055
2021-08-15,Squaw Creek Reservoir,0.0141
2021-08-16,Squaw Creek Reservoir,0.0193
2021-08-17,Squaw Creek Reservoir,0.0065
2021-08-18,Squaw Creek Reservoir,0.0054
2021-08-19,Squaw Creek Reservoir,0.0059
2021-08-20,Squaw Creek Reservoir,0.0057
2021-08-21,Squaw Creek Reservoir,0.0054
2021-08-22,Squaw Creek Reservoir,0.0051
2021-08-23,Squaw Creek Reservoir,0.005
2021-08-24,Squaw Creek Reservoir,0.0052
2021-08-25,Squaw Creek Reservoir,0.0053
2021-08-26,Squaw Creek Reservoir,0.0049
2021-08-27,Squaw Creek Reservoir,0.0049
2021-08-28,Squaw Creek Reservoir,0.0049
2021-08-29,Squaw Creek Reservoir,0.0749
2021-08-30,Squaw Creek Reservoir,0.0048
2021-08-31,Squaw Creek Reservoir,0.0048
2021-09-01,Squaw Creek Reservoir,0.0047
2021-09-02,Squaw Creek Reservoir,0.0047
2021-09-03,Squaw Creek Reservoir,0.0047
2021-09-04,Squaw Creek Reservoir,0.0066
2021-09-05,Squaw Creek Reservoir,0.0068
2021-09-06,Squaw Creek Reservoir,0.0052
2021-09-07,Squaw Creek Reservoir,0.0286
2021-09-08,Squaw Creek Reservoir,0.0508
2021-09-09,Squaw Creek Reservoir,0.0105
2021-09-10,Squaw Creek Reservoir,0.0045
2021-09-11,Squaw Creek Reservoir,0.0183
2021-09-12,Squaw Creek Reservoir,0.0297
2021-09-13,Squaw Creek Reservoir,0.0866
2021-09-14,Squaw Creek Reservoir,0.0398
2021-09-15,Squaw Creek Reservoir,0.0634
2021-09-16,Squaw Creek Reservoir,0.0057
2021-09-17,Squaw Creek Reservoir,0.0051
2021-09-18,Squaw Creek Reservoir,0.0058
2021-09-19,Squaw Creek Reservoir,0.007
2021-09-20,Squaw Creek Reservoir,0.0137
2021-09-21,Squaw Creek Reservoir,0.0136
2021-09-22,Squaw Creek Reservoir,0.0127
2021-09-23,Squaw Creek Reservoir,0.0124
2021-09-24,Squaw Creek Reservoir,0.0112
2021-09-25,Squaw Creek Reservoir,0.0105
2021-09-26,Squaw Creek Reservoir,0.01
2021-09-27,Squaw Creek Reservoir,0.0096
2021-09-28,Squaw Creek Reservoir,0.0173
2021-09-29,Squaw Creek Reservoir,0.0164
2021-09-30,Squaw Creek Reservoir,0.07
2021-10-01,Squaw Creek Reservoir,0.0107
2021-10-02,Squaw Creek Reservoir,0.0108
2021-10-03,Squaw Creek Reservoir,0.0477
2021-10-04,Squaw Creek Reservoir,0.3698
2021-10-05,Squaw Creek Reservoir,0.5807
2021-10-06,Squaw Creek Reservoir,1.019
2021-10-07,Squaw Creek Reservoir,0.3611
2021-10-08,Squaw Creek Reservoir,0.1387
2021-10-09,Squaw Creek Reservoir,0.0842
2021-10-10,Squaw Creek Reservoir,0.0806
2021-10-11,Squaw Creek Reservoir,0.0476
2021-10-12,Squaw Creek Reservoir,0.0395
2021-10-13,Squaw Creek Reservoir,0.034
2021-10-14,Squaw Creek Reservoir,0.03
2021-10-15,Squaw Creek Reservoir,0.027
2021-10-16,Squaw Creek Reservoir,0.0248
2021-10-17,Squaw Creek Reservoir,0.0229
2021-10-18,Squaw Creek Reservoir,0.0212
2021-10-19,Squaw Creek Reservoir,0.0199
2021-10-20,Squaw Creek Reservoir,0.0189
2021-10-21,Squaw Creek Reservoir,0.0179
2021-10-22,Squaw Creek Reservoir,0.0171
2021-10-23,Squaw Creek Reservoir,0.0163
2021-10-24,Squaw Creek Reservoir,0.0157
2021-10-25,Squaw Creek Reservoir,0.0151
2021-10-26,Squaw Creek Reservoir,0.0147
2021-10-27,Squaw Creek Reservoir,0.0142
2021-10-28,Squaw Creek Reservoir,0.0137
2021-10-29,Squaw Creek Reservoir,0.0133
2021-10-30,Squaw Creek Reservoir,0.0129
2021-10-31,Squaw Creek Reservoir,0.0126
2021-11-01,Squaw Creek Reservoir,0.013
2021-11-02,Squaw Creek Reservoir,0.2136
2021-11-03,Squaw Creek Reservoir,0.1206
2021-11-04,Squaw Creek Reservoir,0.0141
2021-11-05,Squaw Creek Reservoir,0.016
2021-11-06,Squaw Creek Reservoir,0.0181
2021-11-07,Squaw Creek Reservoir,0.0195
2021-11-08,Squaw Creek Reservoir,0.0208
2021-11-09,Squaw Creek Reservoir,0.0189
2021-11-10,Squaw Creek Reservoir,0.0183
2021-11-11,Squaw Creek Reservoir,0.0177
2021-11-12,Squaw Creek Reservoir,0.0171
2021-11-13,Squaw Creek Reservoir,0.0165
2021-11-14,Squaw Creek Reservoir,0.0262
2021-11-15,Squaw Creek Reservoir,0.0209
2021-11-16,Squaw Creek Reservoir,0.0151
2021-11-17,Squaw Creek Reservoir,0.0147
2021-11-18,Squaw Creek Reservoir,0.0144
2021-11-19,Squaw Creek Reservoir,0.014
2021-11-20,Squaw Creek Reservoir,0.0286
2021-11-21,Squaw Creek Reservoir,0.0134
2021-11-22,Squaw Creek Reservoir,0.0132
2021-11-23,Squaw Creek Reservoir,0.0129
2021-11-24,Squaw Creek Reservoir,0.0127
2021-11-25,Squaw Creek Reservoir,0.0125
2021-11-26,Squaw Creek Reservoir,0.0131
2021-11-27,Squaw Creek Reservoir,0.0354
2021-11-28,Squaw Creek Reservoir,0.018
2021-11-29,Squaw Creek Reservoir,0.0122
2021-11-30,Squaw Creek Reservoir,0.0119
2021-12-01,Squaw Creek Reservoir,0.0119
2021-12-02,Squaw Creek Reservoir,0.0118
2021-12-03,Squaw Creek Reservoir,0.0119
2021-12-04,Squaw Creek Reservoir,0.0115
2021-12-05,Squaw Creek Reservoir,0.0114
2021-12-06,Squaw Creek Reservoir,0.0113
2021-12-07,Squaw Creek Reservoir,0.0111
2021-12-08,Squaw Creek Reservoir,0.011
2021-12-09,Squaw Creek Reservoir,0.011
2021-12-10,Squaw Creek Reservoir,0.0322
2021-12-11,Squaw Creek Reservoir,0.0111
2021-12-12,Squaw Creek Reservoir,0.0258
2021-12-13,Squaw Creek Reservoir,0.0106
2021-12-14,Squaw Creek Reservoir,0.0106
2021-12-15,Squaw Creek Reservoir,0.0105
2021-12-16,Squaw Creek Reservoir,0.0105
2021-12-17,Squaw Creek Reservoir,0.0104
2021-12-18,Squaw Creek Reservoir,0.0103
2021-12-19,Squaw Creek Reservoir,0.0102
2021-12-20,Squaw Creek Reservoir,0.0101
2021-12-21,Squaw Creek Reservoir,0.01
2021-12-22,Squaw Creek Reservoir,0.0099
2021-12-23,Squaw Creek Reservoir,0.0098
2021-12-24,Squaw Creek Reservoir,0.0097
2021-12-25,Squaw Creek Reservoir,0.0096
2021-12-26,Squaw Creek Reservoir,0.0096
2021-12-27,Squaw Creek Reservoir,0.0099
2021-12-28,Squaw Creek Reservoir,0.0094
2021-12-29,Squaw Creek Reservoir,0.0093
2021-12-30,Squaw Creek Reservoir,0.0092
2021-12-31,Squaw Creek Reservoir,0.0092
2022-01-01,Squaw Creek Reservoir,0.0091
2022-01-02,Squaw Creek Reservoir,0.009
2022-01-03,Squaw Creek Reservoir,0.0089
2022-01-04,Squaw Creek Reservoir,0.0088
2022-01-05,Squaw Creek Reservoir,0.0088
2022-01-06,Squaw Creek Reservoir,0.0087
2022-01-07,Squaw Creek Reservoir,0.0086
2022-01-08,Squaw Creek Reservoir,0.0086
2022-01-09,Squaw Creek Reservoir,0.0085
2022-01-10,Squaw Creek Reservoir,0.0085
2022-01-11,Squaw Creek Reservoir,0.0084
2022-01-12,Squaw Creek Reservoir,0.0969
2022-01-13,Squaw Creek Reservoir,0.0083
2022-01-14,Squaw Creek Reservoir,0.0083
2022-01-15,Squaw Creek Reservoir,0.0082
2022-01-16,Squaw Creek Reservoir,0.0082
2022-01-17,Squaw Creek Reservoir,0.0081
2022-01-18,Squaw Creek Reservoir,0.0081
2022-01-19,Squaw Creek Reservoir,0.008
2022-01-20,Squaw Creek Reservoir,0.008
2022-01-21,Squaw Creek Reservoir,0.0079
2022-01-22,Squaw Creek Reservoir,0.0079
2022-01-23,Squaw Creek Reservoir,0.0078
2022-01-24,Squaw Creek Reservoir,0.0128
2022-01-25,Squaw Creek Reservoir,0.008
2022-01-26,Squaw Creek Reservoir,0.0077
2022-01-27,Squaw Creek Reservoir,0.0076
2022-01-28,Squaw Creek Reservoir,0.0076
2022-01-29,Squaw Creek Reservoir,0.0076
2022-01-30,Squaw Creek Reservoir,0.0075
2022-01-31,Squaw Creek Reservoir,0.0075
2022-02-01,Squaw Creek Reservoir,0.0074
2022-02-02,Squaw Creek Reservoir,0.0074
2022-02-03,Squaw Creek Reservoir,0.0073
2022-02-04,Squaw Creek Reservoir,0.0074
2022-02-05,Squaw Creek Reservoir,0.0328
2022-02-06,Squaw Creek Reservoir,0.0072
2022-02-07,Squaw Creek Reservoir,0.0072
2022-02-08,Squaw Creek Reservoir,0.0071
2022-02-09,Squaw Creek Reservoir,0.0071
2022-02-10,Squaw Creek Reservoir,0.007
2022-02-11,Squaw Creek Reservoir,0.007
2022-02-12,Squaw Creek Reservoir,0.0069
2022-02-13,Squaw Creek Reservoir,0.0069
2022-02-14,Squaw Creek Reservoir,0.0068
2022-02-15,Squaw Creek Reservoir,0.0068
2022-02-16,Squaw Creek Reservoir,0.0068
2022-02-17,Squaw Creek Reservoir,0.0126
2022-02-18,Squaw Creek Reservoir,0.0163
2022-02-19,Squaw Creek Reservoir,0.0071
2022-02-20,Squaw Creek Reservoir,0.0163
2022-02-21,Squaw Creek Reservoir,0.0682
2022-02-22,Squaw Creek Reservoir,0.1266
2022-02-23,Squaw Creek Reservoir,0.0452
2022-02-24,Squaw Creek Reservoir,0.0125
2022-02-25,Squaw Creek Reservoir,0.0252
2022-02-26,Squaw Creek Reservoir,0.0802
2022-02-27,Squaw Creek Reservoir,0.0585
2022-02-28,Squaw Creek Reservoir,0.2588
2022-03-01,Squaw Creek Reservoir,0.0071
2022-03-02,Squaw Creek Reservoir,0.0102
2022-03-03,Squaw Creek Reservoir,0.0152
2022-03-04,Squaw Creek Reservoir,0.0208
2022-03-05,Squaw Creek Reservoir,0.021
2022-03-06,Squaw Creek Reservoir,0.0202
2022-03-07,Squaw Creek Reservoir,0.0194
2022-03-08,Squaw Creek Reservoir,0.0222
2022-03-09,Squaw Creek Reservoir,0.0242
2022-03-10,Squaw Creek Reservoir,0.0231
2022-03-11,Squaw Creek Reservoir,0.0435
2022-03-12,Squaw Creek Reservoir,0.021
2022-03-13,Squaw Creek Reservoir,0.0202
2022-03-14,Squaw Creek Reservoir,0.0194
2022-03-15,Squaw Creek Reservoir,0.0185
2022-03-16,Squaw Creek Reservoir,0.0178
2022-03-17,Squaw Creek Reservoir,0.0171
2022-03-18,Squaw Creek Reservoir,0.0164
2022-03-19,Squaw Creek Reservoir,0.0158
2022-03-20,Squaw Creek Reservoir,0.0152
2022-03-21,Squaw Creek Reservoir,0.0146
2022-03-22,Squaw Creek Reservoir,0.0141
2022-03-23,Squaw Creek Reservoir,0.0136
2022-03-24,Squaw Creek Reservoir,0.0131
2022-03-25,Squaw Creek Reservoir,0.0127
2022-03-26,Squaw Creek Reservoir,0.0484
2022-03-27,Squaw Creek Reservoir,0.0334
2022-03-28,Squaw Creek Reservoir,0.0118
2022-03-29,Squaw Creek Reservoir,0.0116
2022-03-30,Squaw Creek Reservoir,0.0114
2022-03-31,Squaw Creek Reservoir,0.0112
2022-04-01,Squaw Creek Reservoir,0.0111
2022-04-02,Squaw Creek Reservoir,0.0112
2022-04-03,Squaw Creek Reservoir,0.0392
2022-04-04,Squaw Creek Reservoir,0.0111
2022-04-05,Squaw Creek Reservoir,0.0162
2022-04-06,Squaw Creek Reservoir,0.0103
2022-04-07,Squaw Creek Reservoir,0.0102
2022-04-08,Squaw Creek Reservoir,0.01
2022-04-09,Squaw Creek Reservoir,0.0099
2022-04-10,Squaw Creek Reservoir,0.0098
2022-04-11,Squaw Creek Reservoir,0.0097
2022-04-12,Squaw Creek Reservoir,0.0096
2022-04-13,Squaw Creek Reservoir,0.0095
2022-04-14,Squaw Creek Reservoir,0.0095
2022-04-15,Squaw Creek Reservoir,0.0094
2022-04-16,Squaw Creek Reservoir,0.0094
2022-04-17,Squaw Creek Reservoir,0.0093
2022-04-18,Squaw Creek Reservoir,0.0289
2022-04-19,Squaw Creek Reservoir,0.0092
2022-04-20,Squaw Creek Reservoir,0.0092
2022-04-21,Squaw Creek Reservoir,0.0091
2022-04-22,Squaw Creek Reservoir,0.0091
2022-04-23,Squaw Creek Reservoir,0.009
2022-04-24,Squaw Creek Reservoir,0.3015
2022-04-25,Squaw Creek Reservoir,0.0374
2022-04-26,Squaw Creek Reservoir,0.0146
2022-04-27,Squaw Creek Reservoir,0.345
2022-04-28,Squaw Creek Reservoir,0.0686
2022-04-29,Squaw Creek Reservoir,0.0614
2022-04-30,Squaw Creek Reservoir,0.0542
2022-05-01,Squaw Creek Reservoir,0.1999
2022-05-02,Squaw Creek Reservoir,0.1785
2022-05-03,Squaw Creek Reservoir,0.1913
2022-05-04,Squaw Creek Reservoir,0.1322
2022-05-05,Squaw Creek Reservoir,0.1319
2022-05-06,Squaw Creek Reservoir,0.1122
2022-05-07,Squaw Creek Reservoir,0.0912
2022-05-08,Squaw Creek Reservoir,0.075
2022-05-09,Squaw Creek Reservoir,0.0683
2022-05-10,Squaw Creek Reservoir,0.2783
2022-05-11,Squaw Creek Reservoir,0.1159
2022-05-12,Squaw Creek Reservoir,0.1135
2022-05-13,Squaw Creek Reservoir,0.0935
2022-05-14,Squaw Creek Reservoir,0.077
2022-05-15,Squaw Creek Reservoir,0.0648
2022-05-16,Squaw Creek Reservoir,0.0555
2022-05-17,Squaw Creek Reservoir,0.0482
2022-05-18,Squaw Creek Reservoir,0.0424
2022-05-19,Squaw Creek Reservoir,0.0445
2022-05-20,Squaw Creek Reservoir,0.0345
2022-05-21,Squaw Creek Reservoir,0.0649
2022-05-22,Squaw Creek Reservoir,0.0816
2022-05-23,Squaw Creek Reservoir,0.2169
2022-05-24,Squaw Creek Reservoir,0.0702
2022-05-25,Squaw Creek Reservoir,0.0617
2022-05-26,Squaw Creek Reservoir,0.0593
2022-05-27,Squaw Creek Reservoir,0.0524
2022-05-28,Squaw Creek Reservoir,0.0459
2022-05-29,Squaw Creek Reservoir,0.0405
2022-05-30,Squaw Creek Reservoir,0.0363
2022-05-31,Squaw Creek Reservoir,0.0332
2022-06-01,Squaw Creek Reservoir,0.0312
2022-06-02,Squaw Creek Reservoir,0.0291
2022-06-03,Squaw Creek Reservoir,0.0275
2022-06-04,Squaw Creek Reservoir,0.0261
2022-06-05,Squaw Creek Reservoir,0.0249
2022-06-06,Squaw Creek Reservoir,0.0238
2022-06-07,Squaw Creek Reservoir,0.023
2022-06-08,Squaw Creek Reservoir,0.0224
2022-06-09,Squaw Creek Reservoir,0.0216
2022-06-10,Squaw Creek Reservoir,0.0211
2022-06-11,Squaw Creek Reservoir,0.0206
2022-06-12,Squaw Creek Reservoir,0.0202
2022-06-13,Squaw Creek Reservoir,0.0198
2022-06-14,Squaw Creek Reservoir,0.1392
2022-06-15,Squaw Creek Reservoir,0.019
2022-06-16,Squaw Creek Reservoir,0.0187
2022-06-17,Squaw Creek Reservoir,0.0295
2022-06-18,Squaw Creek Reservoir,0.0194
2022-06-19,Squaw Creek Reservoir,0.0178
2022-06-20,Squaw Creek Reservoir,0.0175
2022-06-21,Squaw Creek Reservoir,0.0173
2022-06-22,Squaw Creek Reservoir,0.0171
2022-06-23,Squaw Creek Reservoir,0.0169
2022-06-24,Squaw Creek Reservoir,0.0169
2022-06-25,Squaw Creek Reservoir,0.0165
2022-06-26,Squaw Creek Reservoir,0.0163
2022-06-27,Squaw Creek Reservoir,0.0161
2022-06-28,Squaw Creek Reservoir,0.0169
2022-06-29,Squaw Creek Reservoir,0.0157
2022-06-30,Squaw Creek Reservoir,0.0826
2022-07-01,Squaw Creek Reservoir,0.0729
2022-07-02,Squaw Creek Reservoir,0.0154
2022-07-03,Squaw Creek Reservoir,0.0151
2022-07-04,Squaw Creek Reservoir,0.015
2022-07-05,Squaw Creek Reservoir,0.0149
2022-07-06,Squaw Creek Reservoir,0.0167
2022-07-07,Squaw Creek Reservoir,0.0165
2022-07-08,Squaw Creek Reservoir,0.0156
2022-07-09,Squaw Creek Reservoir,0.0144
2022-07-10,Squaw Creek Reservoir,0.0143
2022-07-11,Squaw Creek Reservoir,0.0144
2022-07-12,Squaw Creek Reservoir,0.0141
2022-07-13,Squaw Creek Reservoir,0.014
2022-07-14,Squaw Creek Reservoir,0.0139
2022-07-15,Squaw Creek Reservoir,0.0138
2022-07-16,Squaw Creek Reservoir,0.0137
2022-07-17,Squaw Creek Reservoir,0.0136
2022-07-18,Squaw Creek Reservoir,0.014
2022-07-19,Squaw Creek Reservoir,0.0134
2022-07-20,Squaw Creek Reservoir,0.0132
2022-07-21,Squaw Creek Reservoir,0.0131
2022-07-22,Squaw Creek Reservoir,0.013
2022-07-23,Squaw Creek Reservoir,0.0129
2022-07-24,Squaw Creek Reservoir,0.0128
2022-07-25,Squaw Creek Reservoir,0.0129
2022-07-26,Squaw Creek Reservoir,0.0129
2022-07-27,Squaw Creek Reservoir,0.0126
2022-07-28,Squaw Creek Reservoir,0.013
2022-07-29,Squaw Creek Reservoir,0.0127
2022-07-30,Squaw Creek Reservoir,0.0122
2022-07-31,Squaw Creek Reservoir,0.0122
2022-08-01,Squaw Creek Reservoir,0.0121
2022-08-02,Squaw Creek Reservoir,0.0121
2022-08-03,Squaw Creek Reservoir,0.0118
2022-08-04,Squaw Creek Reservoir,0.0119
2022-08-05,Squaw Creek Reservoir,0.0116
2022-08-06,Squaw Creek Reservoir,0.0116
2022-08-07,Squaw Creek Reservoir,0.0128
2022-08-08,Squaw Creek Reservoir,0.0312
2022-08-09,Squaw Creek Reservoir,0.0131
2022-08-10,Squaw Creek Reservoir,0.0136
2022-08-11,Squaw Creek Reservoir,0.0138
2022-08-12,Squaw Creek Reservoir,0.011
2022-08-13,Squaw Creek Reservoir,0.0109
2022-08-14,Squaw Creek Reservoir,0.0108
2022-08-15,Squaw Creek Reservoir,0.0107
2022-08-16,Squaw Creek Reservoir,0.0107
2022-08-17,Squaw Creek Reservoir,0.0115
2022-08-18,Squaw Creek Reservoir,0.011
2022-08-19,Squaw Creek Reservoir,0.0106
2022-08-20,Squaw Creek Reservoir,0.0103
2022-08-21,Squaw Creek Reservoir,0.0102
2022-08-22,Squaw Creek Reservoir,0.0102
2022-08-23,Squaw Creek Reservoir,0.0101
2022-08-24,Squaw Creek Reservoir,0.01
2022-08-25,Squaw Creek Reservoir,0.0102
2022-08-26,Squaw Creek Reservoir,0.01
2022-08-27,Squaw Creek Reservoir,0.0098
2022-08-28,Squaw Creek Reservoir,0.0097
2022-08-29,Squaw Creek Reservoir,0.0096
2022-08-30,Squaw Creek Reservoir,0.0096
2022-08-31,Squaw Creek Reservoir,0.0095
2022-09-01,Squaw Creek Reservoir,0.0094
2022-09-02,Squaw Creek Reservoir,0.0095
2022-09-03,Squaw Creek Reservoir,0.0499
2022-09-04,Squaw Creek Reservoir,0.0101
2022-09-05,Squaw Creek Reservoir,0.0098
2022-09-06,Squaw Creek Reservoir,0.0223
2022-09-07,Squaw Creek Reservoir,0.0113
2022-09-08,Squaw Creek Reservoir,0.0266
2022-09-09,Squaw Creek Reservoir,0.0111
2022-09-10,Squaw Creek Reservoir,0.0088
2022-09-11,Squaw Creek Reservoir,0.0087
2022-09-12,Squaw Creek Reservoir,0.0086
2022-09-13,Squaw Creek Reservoir,0.0086
2022-09-14,Squaw Creek Reservoir,0.0085
2022-09-15,Squaw Creek Reservoir,0.0096
2022-09-16,Squaw Creek Reservoir,0.0084
2022-09-17,Squaw Creek Reservoir,0.0083
2022-09-18,Squaw Creek Reservoir,0.0082
2022-09-19,Squaw Creek Reservoir,0.0082
2022-09-20,Squaw Creek Reservoir,0.0088
2022-09-21,Squaw Creek Reservoir,0.0707
2022-09-22,Squaw Creek Reservoir,0.0085
2022-09-23,Squaw Creek Reservoir,0.0128
2022-09-24,Squaw Creek Reservoir,0.1007
2022-09-25,Squaw Creek Reservoir,0.0083
2022-09-26,Squaw Creek Reservoir,0.0081
2022-09-27,Squaw Creek Reservoir,0.1328
2022-09-28,Squaw Creek Reservoir,0.0161
2022-09-29,Squaw Creek Reservoir,0.0077
2022-09-30,Squaw Creek Reservoir,0.0077
2022-10-01,Squaw Creek Reservoir,0.0078
2022-10-02,Squaw Creek Reservoir,0.0078
2022-10-03,Squaw Creek Reservoir,0.0078
2022-10-04,Squaw Creek Reservoir,0.0078
2022-10-05,Squaw Creek Reservoir,0.0078
2022-10-06,Squaw Creek Reservoir,0.0078
2022-10-07,Squaw Creek Reservoir,0.0077
2022-10-08,Squaw Creek Reservoir,0.0077
2022-10-09,Squaw Creek Reservoir,0.0078
2022-10-10,Squaw Creek Reservoir,0.0077
2022-10-11,Squaw Creek Reservoir,0.0077
2022-10-12,Squaw Creek Reservoir,0.0077
2022-10-13,Squaw Creek Reservoir,0.0076
2022-10-14,Squaw Creek Reservoir,0.0076
2022-10-15,Squaw Creek Reservoir,0.0076
2022-10-16,Squaw Creek Reservoir,0.0076
2022-10-17,Squaw Creek Reservoir,0.0076
2022-10-18,Squaw Creek Reservoir,0.0075
2022-10-19,Squaw Creek Reservoir,0.0075
2022-10-20,Squaw Creek Reservoir,0.0075
2022-10-21,Squaw Creek Reservoir,0.0082
2022-10-22,Squaw Creek Reservoir,0.0074
2022-10-23,Squaw Creek Reservoir,0.0074
2022-10-24,Squaw Creek Reservoir,0.0074
2022-10-25,Squaw Creek Reservoir,0.0074
2022-10-26,Squaw Creek Reservoir,0.0073
2022-10-27,Squaw Creek Reservoir,0.0073
2022-10-28,Squaw Creek Reservoir,0.0259
2022-10-29,Squaw Creek Reservoir,0.0123
2022-10-30,Squaw Creek Reservoir,0.0075
2022-10-31,Squaw Creek Reservoir,0.0072
2022-11-01,Squaw Creek Reservoir,0.0071
2022-11-02,Squaw Creek Reservoir,0.0072
2022-11-03,Squaw Creek Reservoir,0.0072
2022-11-04,Squaw Creek Reservoir,0.0087
2022-11-05,Squaw Creek Reservoir,0.007
2022-11-06,Squaw Creek Reservoir,0.0069
2022-11-07,Squaw Creek Reservoir,0.0069
2022-11-08,Squaw Creek Reservoir,0.0069
2022-11-09,Squaw Creek Reservoir,0.0068
2022-11-10,Squaw Creek Reservoir,0.0068
2022-11-11,Squaw Creek Reservoir,0.0068
2022-11-12,Squaw Creek Reservoir,0.0067
2022-11-13,Squaw Creek Reservoir,0.0067
2022-11-14,Squaw Creek Reservoir,0.0067
2022-11-15,Squaw Creek Reservoir,0.0066
2022-11-16,Squaw Creek Reservoir,0.0066
2022-11-17,Squaw Creek Reservoir,0.0066
2022-11-18,Squaw Creek Reservoir,0.0065
2022-11-19,Squaw Creek Reservoir,0.0065
2022-11-20,Squaw Creek Reservoir,0.0064
2022-11-21,Squaw Creek Reservoir,0.0064
2022-11-22,Squaw Creek Reservoir,0.0064
2022-11-23,Squaw Creek Reservoir,0.0063
2022-11-24,Squaw Creek Reservoir,0.0063
2022-11-25,Squaw Creek Reservoir,0.0063
2022-11-26,Squaw Creek Reservoir,0.0062
2022-11-27,Squaw Creek Reservoir,0.0062
2022-11-28,Squaw Creek Reservoir,0.0062
2022-11-29,Squaw Creek Reservoir,0.0072
2022-11-30,Squaw Creek Reservoir,0.0061
2022-12-01,Squaw Creek Reservoir,0.006
2022-12-02,Squaw Creek Reservoir,0.006
2022-12-03,Squaw Creek Reservoir,0.006
2022-12-04,Squaw Creek Reservoir,0.0059
2022-12-05,Squaw Creek Reservoir,0.0059
2022-12-06,Squaw Creek Reservoir,0.0059
2022-12-07,Squaw Creek Reservoir,0.0058
2022-12-08,Squaw Creek Reservoir,0.0058
2022-12-09,Squaw Creek Reservoir,0.0058
2022-12-10,Squaw Creek Reservoir,0.0057
2022-12-11,Squaw Creek Reservoir,0.0057
2022-12-12,Squaw Creek Reservoir,0.0057
2022-12-13,Squaw Creek Reservoir,0.0056
2022-12-14,Squaw Creek Reservoir,0.0056
2022-12-15,Squaw Creek Reservoir,0.0056
2022-12-16,Squaw Creek Reservoir,0.0055
2022-12-17,Squaw Creek Reservoir,0.0055
2022-12-18,Squaw Creek Reservoir,0.0055
2022-12-19,Squaw Creek Reservoir,0.0054
2022-12-20,Squaw Creek Reservoir,0.0054
2022-12-21,Squaw Creek Reservoir,0.0054
2022-12-22,Squaw Creek Reservoir,0.0053
2022-12-23,Squaw Creek Reservoir,0.0053
2022-12-24,Squaw Creek Reservoir,0.0053
2022-12-25,Squaw Creek Reservoir,0.0276
2022-12-26,Squaw Creek Reservoir,0.0052
2022-12-27,Squaw Creek Reservoir,0.0052
2022-12-28,Squaw Creek Reservoir,0.0167
2022-12-29,Squaw Creek Reservoir,0.007
2022-12-30,Squaw Creek Reservoir,0.0051
2022-12-31,Squaw Creek Reservoir,0.005
2023-01-01,Squaw Creek Reservoir,0.005
2023-01-02,Squaw Creek Reservoir,0.005
2023-01-03,Squaw Creek Reservoir,0.005
2023-01-04,Squaw Creek Reservoir,0.0049
2023-01-05,Squaw Creek Reservoir,0.006
2023-01-06,Squaw Creek Reservoir,0.0052
2023-01-07,Squaw Creek Reservoir,0.0048
2023-01-08,Squaw Creek Reservoir,0.0048
2023-01-09,Squaw Creek Reservoir,0.0048
2023-01-10,Squaw Creek Reservoir,0.0048
2023-01-11,Squaw Creek Reservoir,0.0047
2023-01-12,Squaw Creek Reservoir,0.0047
2023-01-13,Squaw Creek Reservoir,0.0057
2023-01-14,Squaw Creek Reservoir,0.0046
2023-01-15,Squaw Creek Reservoir,0.0046
2023-01-16,Squaw Creek Reservoir,0.0046
2023-01-17,Squaw Creek Reservoir,0.0046
2023-01-18,Squaw Creek Reservoir,0.0087
2023-01-19,Squaw Creek Reservoir,0.0222
2023-01-20,Squaw Creek Reservoir,0.0048
2023-01-21,Squaw Creek Reservoir,0.0044
2023-01-22,Squaw Creek Reservoir,0.0044
2023-01-23,Squaw Creek Reservoir,0.0044
2023-01-24,Squaw Creek Reservoir,0.0044
2023-01-25,Squaw Creek Reservoir,0.0043
2023-01-26,Squaw Creek Reservoir,0.0043
2023-01-27,Squaw Creek Reservoir,0.0043
2023-01-28,Squaw Creek Reservoir,0.0042
2023-01-29,Squaw Creek Reservoir,0.0042
2023-01-30,Squaw Creek Reservoir,0.0042
2023-01-31,Squaw Creek Reservoir,0.0042
2023-02-01,Squaw Creek Reservoir,0.0042
2023-02-02,Squaw Creek Reservoir,0.0041
2023-02-03,Squaw Creek Reservoir,0.0041
2023-02-04,Squaw Creek Reservoir,0.0041
2023-02-05,Squaw Creek Reservoir,0.004
2023-02-06,Squaw Creek Reservoir,0.004
2023-02-07,Squaw Creek Reservoir,0.005
2023-02-08,Squaw Creek Reservoir,0.0246
2023-02-09,Squaw Creek Reservoir,0.004
2023-02-10,Squaw Creek Reservoir,0.0039
2023-02-11,Squaw Creek Reservoir,0.0039
2023-02-12,Squaw Creek Reservoir,0.0039
2023-02-13,Squaw Creek Reservoir,0.0039
2023-02-14,Squaw Creek Reservoir,0.0727
2023-02-15,Squaw Creek Reservoir,0.004
2023-02-16,Squaw Creek Reservoir,0.0087
2023-02-17,Squaw Creek Reservoir,0.0038
2023-02-18,Squaw Creek Reservoir,0.0038
2023-02-19,Squaw Creek Reservoir,0.0037
2023-02-20,Squaw Creek Reservoir,0.0037
2023-02-21,Squaw Creek Reservoir,0.0037
2023-02-22,Squaw Creek Reservoir,0.0037
2023-02-23,Squaw Creek Reservoir,0.0036
2023-02-24,Squaw Creek Reservoir,0.0036
2023-02-25,Squaw Creek Reservoir,0.0036
2023-02-26,Squaw Creek Reservoir,0.065
2023-02-27,Squaw Creek Reservoir,0.0082
2023-02-28,Squaw Creek Reservoir,0.0036
2023-03-01,Squaw Creek Reservoir,0.0035
2023-03-02,Squaw Creek Reservoir,0.0035
2023-03-03,Squaw Creek Reservoir,0.0035
2023-03-04,Squaw Creek Reservoir,0.0034
2023-03-05,Squaw Creek Reservoir,0.0038
2023-03-06,Squaw Creek Reservoir,0.0037
2023-03-07,Squaw Creek Reservoir,0.0034
2023-03-08,Squaw Creek Reservoir,0.0034
2023-03-09,Squaw Creek Reservoir,0.0034
2023-03-10,Squaw Creek Reservoir,0.0033
2023-03-11,Squaw Creek Reservoir,0.0033
2023-03-12,Squaw Creek Reservoir,0.0033
2023-03-13,Squaw Creek Reservoir,0.0033
2023-03-14,Squaw Creek Reservoir,0.0042
2023-03-15,Squaw Creek Reservoir,0.0639
2023-03-16,Squaw Creek Reservoir,0.1284
2023-03-17,Squaw Creek Reservoir,0.0142
2023-03-18,Squaw Creek Reservoir,0.0032
2023-03-19,Squaw Creek Reservoir,0.0636
2023-03-20,Squaw Creek Reservoir,0.0032
2023-03-21,Squaw Creek Reservoir,0.0034
2023-03-22,Squaw Creek Reservoir,0.0033
2023-03-23,Squaw Creek Reservoir,0.0033
2023-03-24,Squaw Creek Reservoir,0.0033
2023-03-25,Squaw Creek Reservoir,0.0033
2023-03-26,Squaw Creek Reservoir,0.0395
2023-03-27,Squaw Creek Reservoir,0.0282
2023-03-28,Squaw Creek Reservoir,0.0034
2023-03-29,Squaw Creek Reservoir,0.0041
2023-03-30,Squaw Creek Reservoir,0.0034
2023-03-31,Squaw Creek Reservoir,0.0034
2023-04-01,Squaw Creek Reservoir,0.0036
2023-04-02,Squaw Creek Reservoir,0.0034
2023-04-03,Squaw Creek Reservoir,0.0036
2023-04-04,Squaw Creek Reservoir,0.0035
2023-04-05,Squaw Creek Reservoir,0.031
2023-04-06,Squaw Creek Reservoir,0.023
2023-04-07,Squaw Creek Reservoir,0.0158
2023-04-08,Squaw Creek Reservoir,0.0034
2023-04-09,Squaw Creek Reservoir,0.0034
2023-04-10,Squaw Creek Reservoir,0.0037
2023-04-11,Squaw Creek Reservoir,0.0064
2023-04-12,Squaw Creek Reservoir,0.0373
2023-04-13,Squaw Creek Reservoir,0.0037
2023-04-14,Squaw Creek Reservoir,0.0035
2023-04-15,Squaw Creek Reservoir,0.0035
2023-04-16,Squaw Creek Reservoir,0.0037
2023-04-17,Squaw Creek Reservoir,0.0034
2023-04-18,Squaw Creek Reservoir,0.0582
2023-04-19,Squaw Creek Reservoir,0.0036
2023-04-20,Squaw Creek Reservoir,0.0034
2023-04-21,Squaw Creek Reservoir,0.0034
2023-04-22,Squaw Creek Reservoir,0.0035
2023-04-23,Squaw Creek Reservoir,0.0035
2023-04-24,Squaw Creek Reservoir,0.005
2023-04-25,Squaw Creek Reservoir,0.0035
2023-04-26,Squaw Creek Reservoir,0.0034
2023-04-27,Squaw Creek Reservoir,0.0034
2023-04-28,Squaw Creek Reservoir,0.0036
2023-04-29,Squaw Creek Reservoir,0.0034
2023-04-30,Squaw Creek Reservoir,0.0034
2023-05-01,Squaw Creek Reservoir,0.0038
2023-05-02,Squaw Creek Reservoir,0.0034
2023-05-03,Squaw Creek Reservoir,0.0034
2023-05-04,Squaw Creek Reservoir,0.0034
2023-05-05,Squaw Creek Reservoir,0.0259
2023-05-06,Squaw Creek Reservoir,0.0544
2023-05-07,Squaw Creek Reservoir,0.0038
2023-05-08,Squaw Creek Reservoir,0.0033
2023-05-09,Squaw Creek Reservoir,0.0033
2023-05-10,Squaw Creek Reservoir,0.0033
2023-05-11,Squaw Creek Reservoir,0.0033
2023-05-12,Squaw Creek Reservoir,0.0033
2023-05-13,Squaw Creek Reservoir,0.0033
2023-05-14,Squaw Creek Reservoir,0.045
2023-05-15,Squaw Creek Reservoir,0.0033
2023-05-16,Squaw Creek Reservoir,0.0824
2023-05-17,Squaw Creek Reservoir,0.0033
2023-05-18,Squaw Creek Reservoir,0.0033
2023-05-19,Squaw Creek Reservoir,0.0264
2023-05-20,Squaw Creek Reservoir,0.0232
2023-05-21,Squaw Creek Reservoir,0.3034
2023-05-22,Squaw Creek Reservoir,0.0053
2023-05-23,Squaw Creek Reservoir,0.1474
2023-05-24,Squaw Creek Reservoir,0.0513
2023-05-25,Squaw Creek Reservoir,0.0341
2023-05-26,Squaw Creek Reservoir,0.0253
2023-05-27,Squaw Creek Reservoir,0.0238
2023-05-28,Squaw Creek Reservoir,0.0222
2023-05-29,Squaw Creek Reservoir,0.0183
2023-05-30,Squaw Creek Reservoir,0.0229
2023-05-31,Squaw Creek Reservoir,0.0339
2023-06-01,Squaw Creek Reservoir,0.0119
2023-06-02,Squaw Creek Reservoir,0.066
2023-06-03,Squaw Creek Reservoir,0.0126
2023-06-04,Squaw Creek Reservoir,0.0105
2023-06-05,Squaw Creek Reservoir,0.0101
2023-06-06,Squaw Creek Reservoir,0.022
2023-06-07,Squaw Creek Reservoir,0.0091
2023-06-08,Squaw Creek Reservoir,0.0087
2023-06-09,Squaw Creek Reservoir,0.0084
2023-06-10,Squaw Creek Reservoir,0.0082
2023-06-11,Squaw Creek Reservoir,0.0079
2023-06-12,Squaw Creek Reservoir,0.0078
2023-06-13,Squaw Creek Reservoir,0.0078
2023-06-14,Squaw Creek Reservoir,0.0077
2023-06-15,Squaw Creek Reservoir,0.0075
2023-06-16,Squaw Creek Reservoir,0.0074
2023-06-17,Squaw Creek Reservoir,0.0072
2023-06-18,Squaw Creek Reservoir,0.007
2023-06-19,Squaw Creek Reservoir,0.0069
2023-06-20,Squaw Creek Reservoir,0.0067
2023-06-21,Squaw Creek Reservoir,0.0066
2023-06-22,Squaw Creek Reservoir,0.0092
2023-06-23,Squaw Creek Reservoir,0.0635
2023-06-24,Squaw Creek Reservoir,0.0062
2023-06-25,Squaw Creek Reservoir,0.0062
2023-06-26,Squaw Creek Reservoir,0.006
2023-06-27,Squaw Creek Reservoir,0.0195
2023-06-28,Squaw Creek Reservoir,0.0697
2023-06-29,Squaw Creek Reservoir,0.0058
2023-06-30,Squaw Creek Reservoir,0.0057
2023-07-01,Squaw Creek Reservoir,0.0057
2023-07-02,Squaw Creek Reservoir,0.0056
2023-07-03,Squaw Creek Reservoir,0.0056
2023-07-04,Squaw Creek Reservoir,0.0055
2023-07-05,Squaw Creek Reservoir,0.0054
2023-07-06,Squaw Creek Reservoir,0.0054
2023-07-07,Squaw Creek Reservoir,0.0054
2023-07-08,Squaw Creek Reservoir,0.0053
2023-07-09,Squaw Creek Reservoir,0.0053
2023-07-10,Squaw Creek Reservoir,0.0052
2023-07-11,Squaw Creek Reservoir,0.0052
2023-07-12,Squaw Creek Reservoir,0.0052
2023-07-13,Squaw Creek Reservoir,0.0052
2023-07-14,Squaw Creek Reservoir,0.0052
2023-07-15,Squaw Creek Reservoir,0.0051
2023-07-16,Squaw Creek Reservoir,0.0051
2023-07-17,Squaw Creek Reservoir,0.0051
2023-07-18,Squaw Creek Reservoir,0.0051
2023-07-19,Squaw Creek Reservoir,0.0051
2023-07-20,Squaw Creek Reservoir,0.0051
2023-07-21,Squaw Creek Reservoir,0.0051
2023-07-22,Squaw Creek Reservoir,0.005
2023-07-23,Squaw Creek Reservoir,0.005
2023-07-24,Squaw Creek Reservoir,0.005
2023-07-25,Squaw Creek Reservoir,0.0051
2023-07-26,Squaw Creek Reservoir,0.0049
2023-07-27,Squaw Creek Reservoir,0.005
2023-07-28,Squaw Creek Reservoir,0.0049
2023-07-29,Squaw Creek Reservoir,0.0051
2023-07-30,Squaw Creek Reservoir,0.0049
2023-07-31,Squaw Creek Reservoir,0.0048
2023-08-01,Squaw Creek Reservoir,0.0091
2023-08-02,Squaw Creek Reservoir,0.0132
2023-08-03,Squaw Creek Reservoir,0.0051
2023-08-04,Squaw Creek Reservoir,0.0047
2023-08-05,Squaw Creek Reservoir,0.005
2023-08-06,Squaw Creek Reservoir,0.0062
2023-08-07,Squaw Creek Reservoir,0.0046
2023-08-08,Squaw Creek Reservoir,0.0046
2023-08-09,Squaw Creek Reservoir,0.0046
2023-08-10,Squaw Creek Reservoir,0.0046
2023-08-11,Squaw Creek Reservoir,0.0045
2023-08-12,Squaw Creek Reservoir,0.0045
2023-08-13,Squaw Creek Reservoir,0.0045
2023-08-14,Squaw Creek Reservoir,0.0045
2023-08-15,Squaw Creek Reservoir,0.0049
2023-08-16,Squaw Creek Reservoir,0.0044
2023-08-17,Squaw Creek Reservoir,0.0044
2023-08-18,Squaw Creek Reservoir,0.0047
2023-08-19,Squaw Creek Reservoir,0.0044
2023-08-20,Squaw Creek Reservoir,0.0044
2023-08-21,Squaw Creek Reservoir,0.0043
2023-08-22,Squaw Creek Reservoir,0.0043
2023-08-23,Squaw Creek Reservoir,0.0042
2023-08-24,Squaw Creek Reservoir,0.0042
2023-08-25,Squaw Creek Reservoir,0.0042
2023-08-26,Squaw Creek Reservoir,0.0043
2023-08-27,Squaw Creek Reservoir,0.0046
2023-08-28,Squaw Creek Reservoir,0.0041
2023-08-29,Squaw Creek Reservoir,0.0041
2023-08-30,Squaw Creek Reservoir,0.0041
2023-08-31,Squaw Creek Reservoir,0.0041
2023-09-01,Squaw Creek Reservoir,0.004
2023-09-02,Squaw Creek Reservoir,0.004
2023-09-03,Squaw Creek Reservoir,0.004
2023-09-04,Squaw Creek Reservoir,0.004
2023-09-05,Squaw Creek Reservoir,0.0039
2023-09-06,Squaw Creek Reservoir,0.0039
2023-09-07,Squaw Creek Reservoir,0.0039
2023-09-08,Squaw Creek Reservoir,0.0039
2023-09-09,Squaw Creek Reservoir,0.0039
2023-09-10,Squaw Creek Reservoir,0.0041
2023-09-11,Squaw Creek Reservoir,0.0038
2023-09-12,Squaw Creek Reservoir,0.0038
2023-09-13,Squaw Creek Reservoir,0.0038
2023-09-14,Squaw Creek Reservoir,0.0037
2023-09-15,Squaw Creek Reservoir,0.0037
2023-09-16,Squaw Creek Reservoir,0.0037
2023-09-17,Squaw Creek Reservoir,0.0037
2023-09-18,Squaw Creek Reservoir,0.0036
2023-09-19,Squaw Creek Reservoir,0.0036
2023-09-20,Squaw Creek Reservoir,0.0036
2023-09-21,Squaw Creek Reservoir,0.0036
2023-09-22,Squaw Creek Reservoir,0.0146
2023-09-23,Squaw Creek Reservoir,0.0035
2023-09-24,Squaw Creek Reservoir,0.0035
2023-09-25,Squaw Creek Reservoir,0.0035
2023-09-26,Squaw Creek Reservoir,0.0035
2023-09-27,Squaw Creek Reservoir,0.0034
2023-09-28,Squaw Creek Reservoir,0.0034
2023-09-29,Squaw Creek Reservoir,0.0034
2023-09-30,Squaw Creek Reservoir,0.0034
2023-10-01,Squaw Creek Reservoir,0.0034
2023-10-02,Squaw Creek Reservoir,0.0033
2023-10-03,Squaw Creek Reservoir,0.0033
2023-10-04,Squaw Creek Reservoir,0.0033
2023-10-05,Squaw Creek Reservoir,0.0036
2023-10-06,Squaw Creek Reservoir,0.0058
2023-10-07,Squaw Creek Reservoir,0.1486
2023-10-08,Squaw Creek Reservoir,0.0887
2023-10-09,Squaw Creek Reservoir,0.0033
2023-10-10,Squaw Creek Reservoir,0.0208
2023-10-11,Squaw Creek Reservoir,0.0577
2023-10-12,Squaw Creek Reservoir,0.0036
2023-10-13,Squaw Creek Reservoir,0.0033
2023-10-14,Squaw Creek Reservoir,0.0034
2023-10-15,Squaw Creek Reservoir,0.0034
2023-10-16,Squaw Creek Reservoir,0.0034
2023-10-17,Squaw Creek Reservoir,0.0035
2023-10-18,Squaw Creek Reservoir,0.0035
2023-10-19,Squaw Creek Reservoir,0.0039
2023-10-20,Squaw Creek Reservoir,0.1274
2023-10-21,Squaw Creek Reservoir,0.0153
2023-10-22,Squaw Creek Reservoir,0.3203
2023-10-23,Squaw Creek Reservoir,0.0358
2023-10-24,Squaw Creek Reservoir,0.0627
2023-10-25,Squaw Creek Reservoir,0.0572
2023-10-26,Squaw Creek Reservoir,0.0445
2023-10-27,Squaw Creek Reservoir,0.0401
2023-10-28,Squaw Creek Reservoir,0.071
2023-10-29,Squaw Creek Reservoir,0.0269
2023-10-30,Squaw Creek Reservoir,0.3744
2023-10-31,Squaw Creek Reservoir,0.3488
2023-11-01,Squaw Creek Reservoir,0.1521
2023-11-02,Squaw Creek Reservoir,0.0896
2023-11-03,Squaw Creek Reservoir,0.0621
2023-11-04,Squaw Creek Reservoir,0.0475
2023-11-05,Squaw Creek Reservoir,0.0393
2023-11-06,Squaw Creek Reservoir,0.0329
2023-11-07,Squaw Creek Reservoir,0.0282
2023-11-08,Squaw Creek Reservoir,0.0249
2023-11-09,Squaw Creek Reservoir,0.0223
2023-11-10,Squaw Creek Reservoir,0.0246
2023-11-11,Squaw Creek Reservoir,0.1398
2023-11-12,Squaw Creek Reservoir,0.0709
2023-11-13,Squaw Creek Reservoir,0.251
2023-11-14,Squaw Creek Reservoir,0.0972
2023-11-15,Squaw Creek Reservoir,0.066
2023-11-16,Squaw Creek Reservoir,0.0704
2023-11-17,Squaw Creek Reservoir,0.0663
2023-11-18,Squaw Creek Reservoir,0.0581
2023-11-19,Squaw Creek Reservoir,0.0506
2023-11-20,Squaw Creek Reservoir,0.0448
2023-11-21,Squaw Creek Reservoir,0.1001
2023-11-22,Squaw Creek Reservoir,0.0385
2023-11-23,Squaw Creek Reservoir,0.0426
2023-11-24,Squaw Creek Reservoir,0.0353
2023-11-25,Squaw Creek Reservoir,0.0332
2023-11-26,Squaw Creek Reservoir,0.0315
2023-11-27,Squaw Creek Reservoir,0.0328
2023-11-28,Squaw Creek Reservoir,0.0347
2023-11-29,Squaw Creek Reservoir,0.0343
2023-11-30,Squaw Creek Reservoir,0.0328
2023-12-01,Squaw Creek Reservoir,0.031
2023-12-02,Squaw Creek Reservoir,0.0293
2023-12-03,Squaw Creek Reservoir,0.0277
2023-12-04,Squaw Creek Reservoir,0.0263
2023-12-05,Squaw Creek Reservoir,0.025
2023-12-06,Squaw Creek Reservoir,0.0238
2023-12-07,Squaw Creek Reservoir,0.0228
2023-12-08,Squaw Creek Reservoir,0.0218
2023-12-09,Squaw Creek Reservoir,0.123
2023-12-10,Squaw Creek Reservoir,0.0299
2023-12-11,Squaw Creek Reservoir,0.023
2023-12-12,Squaw Creek Reservoir,0.0235
2023-12-13,Squaw Creek Reservoir,0.0234
2023-12-14,Squaw Creek Reservoir,0.0475
2023-12-15,Squaw Creek Reservoir,0.0229
2023-12-16,Squaw Creek Reservoir,0.0232
2023-12-17,Squaw Creek Reservoir,0.0569
2023-12-18,Squaw Creek Reservoir,0.0748
2023-12-19,Squaw Creek Reservoir,0.0253
2023-12-20,Squaw Creek Reservoir,0.0264
2023-12-21,Squaw Creek Reservoir,0.0266
2023-12-22,Squaw Creek Reservoir,0.026
2023-12-23,Squaw Creek Reservoir,0.0254
2023-12-24,Squaw Creek Reservoir,0.0247
2023-12-25,Squaw Creek Reservoir,0.024
2023-12-26,Squaw Creek Reservoir,0.0234
2023-12-27,Squaw Creek Reservoir,0.0247
2023-12-28,Squaw Creek Reservoir,0.0684
2023-12-29,Squaw Creek Reservoir,0.023
2023-12-30,Squaw Creek Reservoir,0.022
2023-12-31,Squaw Creek Reservoir,0.0218
2024-01-01,Squaw Creek Reservoir,0.0214
2024-01-02,Squaw Creek Reservoir,0.021
2024-01-03,Squaw Creek Reservoir,0.0206
2024-01-04,Squaw Creek Reservoir,0.0201
2024-01-05,Squaw Creek Reservoir,0.0197
2024-01-06,Squaw Creek Reservoir,0.0206
2024-01-07,Squaw Creek Reservoir,0.0191
2024-01-08,Squaw Creek Reservoir,0.0188
2024-01-09,Squaw Creek Reservoir,0.0185
2024-01-10,Squaw Creek Reservoir,0.0182
2024-01-11,Squaw Creek Reservoir,0.0178
2024-01-12,Squaw Creek Reservoir,0.0175
2024-01-13,Squaw Creek Reservoir,0.0172
2024-01-14,Squaw Creek Reservoir,0.017
2024-01-15,Squaw Creek Reservoir,0.0167
2024-01-16,Squaw Creek Reservoir,0.0165
2024-01-17,Squaw Creek Reservoir,0.0163
2024-01-18,Squaw Creek Reservoir,0.0161
2024-01-19,Squaw Creek Reservoir,0.0159
2024-01-20,Squaw Creek Reservoir,0.0162
2024-01-21,Squaw Creek Reservoir,0.0155
2024-01-22,Squaw Creek Reservoir,0.0153
2024-01-23,Squaw Creek Reservoir,0.0152
2024-01-24,Squaw Creek Reservoir,0.015
2024-01-25,Squaw Creek Reservoir,0.0149
2024-01-26,Squaw Creek Reservoir,0.0147
2024-01-27,Squaw Creek Reservoir,0.0162
2024-01-28,Squaw Creek Reservoir,0.0144
2024-01-29,Squaw Creek Reservoir,0.0143
2024-01-30,Squaw Creek Reservoir,0.0141
2024-01-31,Squaw Creek Reservoir,0.0139
2024-02-01,Squaw Creek Reservoir,0.0137
2024-02-02,Squaw Creek Reservoir,0.0427
2024-02-03,Squaw Creek Reservoir,0.0642
2024-02-04,Squaw Creek Reservoir,0.0139
2024-02-05,Squaw Creek Reservoir,0.0136
2024-02-06,Squaw Creek Reservoir,0.0135
2024-02-07,Squaw Creek Reservoir,0.0134
2024-02-08,Squaw Creek Reservoir,0.0134
2024-02-09,Squaw Creek Reservoir,0.0133
2024-02-10,Squaw Creek Reservoir,0.0132
2024-02-11,Squaw Creek Reservoir,0.013
2024-02-12,Squaw Creek Reservoir,0.0129
2024-02-13,Squaw Creek Reservoir,0.0127
2024-02-14,Squaw Creek Reservoir,0.0126
2024-02-15,Squaw Creek Reservoir,0.0125
2024-02-16,Squaw Creek Reservoir,0.0123
2024-02-17,Squaw Creek Reservoir,0.0124
2024-02-18,Squaw Creek Reservoir,0.012
2024-02-19,Squaw Creek Reservoir,0.0121
2024-02-20,Squaw Creek Reservoir,0.0129
2024-02-21,Squaw Creek Reservoir,0.0218
2024-02-22,Squaw Creek Reservoir,0.1371
2024-02-23,Squaw Creek Reservoir,0.1651
2024-02-24,Squaw Creek Reservoir,0.0442
2024-02-25,Squaw Creek Reservoir,0.0132
2024-02-26,Squaw Creek Reservoir,0.0267
2024-02-27,Squaw Creek Reservoir,0.0406
2024-02-28,Squaw Creek Reservoir,0.0164
2024-02-29,Squaw Creek Reservoir,0.0175
2024-03-01,Squaw Creek Reservoir,0.0181
2024-03-02,Squaw Creek Reservoir,0.0324
2024-03-03,Squaw Creek Reservoir,0.0911
2024-03-04,Squaw Creek Reservoir,0.0411
2024-03-05,Squaw Creek Reservoir,0.1199
2024-03-06,Squaw Creek Reservoir,0.048
2024-03-07,Squaw Creek Reservoir,0.0311
2024-03-08,Squaw Creek Reservoir,0.0319
2024-03-09,Squaw Creek Reservoir,0.0352
2024-03-10,Squaw Creek Reservoir,0.0305
2024-03-11,Squaw Creek Reservoir,0.0296
2024-03-12,Squaw Creek Reservoir,0.03
2024-03-13,Squaw Creek Reservoir,0.1218
2024-03-14,Squaw Creek Reservoir,0.051
2024-03-15,Squaw Creek Reservoir,0.0396
2024-03-16,Squaw Creek Reservoir,0.0547
2024-03-17,Squaw Creek Reservoir,0.2488
2024-03-18,Squaw Creek Reservoir,0.0541
2024-03-19,Squaw Creek Reservoir,0.0612
2024-03-20,Squaw Creek Reservoir,0.0594
2024-03-21,Squaw Creek Reservoir,0.0593
2024-03-22,Squaw Creek Reservoir,0.0607
2024-03-23,Squaw Creek Reservoir,0.0587
2024-03-24,Squaw Creek Reservoir,0.0571
2024-03-25,Squaw Creek Reservoir,0.0569
2024-03-26,Squaw Creek Reservoir,0.0536
2024-03-27,Squaw Creek Reservoir,0.0491
2024-03-28,Squaw Creek Reservoir,0.045
2024-03-29,Squaw Creek Reservoir,0.0417
2024-03-30,Squaw Creek Reservoir,0.0541
2024-03-31,Squaw Creek Reservoir,0.183
2024-04-01,Squaw Creek Reservoir,0.0774
2024-04-02,Squaw Creek Reservoir,0.0562
2024-04-03,Squaw Creek Reservoir,0.0569
2024-04-04,Squaw Creek Reservoir,0.0544
2024-04-05,Squaw Creek Reservoir,0.051
2024-04-06,Squaw Creek Reservoir,0.0517
2024-04-07,Squaw Creek Reservoir,0.0445
2024-04-08,Squaw Creek Reservoir,0.0743
2024-04-09,Squaw Creek Reservoir,0.0472
2024-04-10,Squaw Creek Reservoir,0.0544
2024-04-11,Squaw Creek Reservoir,0.0449
2024-04-12,Squaw Creek Reservoir,0.0433
2024-04-13,Squaw Creek Reservoir,0.0404
2024-04-14,Squaw Creek Reservoir,0.0374
2024-04-15,Squaw Creek Reservoir,0.0348
2024-04-16,Squaw Creek Reservoir,0.038
2024-04-17,Squaw Creek Reservoir,0.146
2024-04-18,Squaw Creek Reservoir,0.0928
2024-04-19,Squaw Creek Reservoir,0.0464
2024-04-20,Squaw Creek Reservoir,0.051
2024-04-21,Squaw Creek Reservoir,0.0559
2024-04-22,Squaw Creek Reservoir,0.0469
2024-04-23,Squaw Creek Reservoir,0.0439
2024-04-24,Squaw Creek Reservoir,0.0406
2024-04-25,Squaw Creek Reservoir,0.0374
2024-04-26,Squaw Creek Reservoir,0.0345
2024-04-27,Squaw Creek Reservoir,0.0323
2024-04-28,Squaw Creek Reservoir,0.0305
2024-04-29,Squaw Creek Reservoir,0.0289
2024-04-30,Squaw Creek Reservoir,0.0276
2024-05-01,Squaw Creek Reservoir,0.0265
2024-05-02,Squaw Creek Reservoir,0.0254
2024-05-03,Squaw Creek Reservoir,0.0929
2024-05-04,Squaw Creek Reservoir,0.0474
2024-05-05,Squaw Creek Reservoir,0.1488
2024-05-06,Squaw Creek Reservoir,0.0257
2024-05-07,Squaw Creek Reservoir,0.0277
2024-05-08,Squaw Creek Reservoir,0.0283
2024-05-09,Squaw Creek Reservoir,0.0274
2024-05-10,Squaw Creek Reservoir,0.0269
2024-05-11,Squaw Creek Reservoir,0.0397
2024-05-12,Squaw Creek Reservoir,0.0239
2024-05-13,Squaw Creek Reservoir,0.0231
2024-05-14,Squaw Creek Reservoir,0.0225
2024-05-15,Squaw Creek Reservoir,0.022
2024-05-16,Squaw Creek Reservoir,0.0522
2024-05-17,Squaw Creek Reservoir,0.021
2024-05-18,Squaw Creek Reservoir,0.0207
2024-05-19,Squaw Creek Reservoir,0.0203
2024-05-20,Squaw Creek Reservoir,0.02
2024-05-21,Squaw Creek Reservoir,0.0197
2024-05-22,Squaw Creek Reservoir,0.0197
2024-05-23,Squaw Creek Reservoir,0.0193
2024-05-24,Squaw Creek Reservoir,0.0191
2024-05-25,Squaw Creek Reservoir,0.0189
2024-05-26,Squaw Creek Reservoir,0.0188
2024-05-27,Squaw Creek Reservoir,0.0331
2024-05-28,Squaw Creek Reservoir,0.0188
2024-05-29,Squaw Creek Reservoir,0.0182
2024-05-30,Squaw Creek Reservoir,0.018
2024-05-31,Squaw Creek Reservoir,0.0179
2024-06-01,Squaw Creek Reservoir,0.0177
2024-06-02,Squaw Creek Reservoir,0.0182
2024-06-03,Squaw Creek Reservoir,0.0174
2024-06-04,Squaw Creek Reservoir,0.0172
2024-06-05,Squaw Creek Reservoir,0.0171
2024-06-06,Squaw Creek Reservoir,0.0169
2024-06-07,Squaw Creek Reservoir,0.0167
2024-06-08,Squaw Creek Reservoir,0.0166
2024-06-09,Squaw Creek Reservoir,0.0164
2024-06-10,Squaw Creek Reservoir,0.0163
2024-06-11,Squaw Creek Reservoir,0.1368
2024-06-12,Squaw Creek Reservoir,0.0168
2024-06-13,Squaw Creek Reservoir,0.0166
2024-06-14,Squaw Creek Reservoir,0.0158
2024-06-15,Squaw Creek Reservoir,0.0158
2024-06-16,Squaw Creek Reservoir,0.0155
2024-06-17,Squaw Creek Reservoir,0.0162
2024-06-18,Squaw Creek Reservoir,0.0152
2024-06-19,Squaw Creek Reservoir,0.015
2024-06-20,Squaw Creek Reservoir,0.0149
2024-06-21,Squaw Creek Reservoir,0.0148
2024-06-22,Squaw Creek Reservoir,0.0146
2024-06-23,Squaw Creek Reservoir,0.0145
2024-06-24,Squaw Creek Reservoir,0.0144
2024-06-25,Squaw Creek Reservoir,0.0143
2024-06-26,Squaw Creek Reservoir,0.0141
2024-06-27,Squaw Creek Reservoir,0.014
2024-06-28,Squaw Creek Reservoir,0.0139
2024-06-29,Squaw Creek Reservoir,0.0138
2024-06-30,Squaw Creek Reservoir,0.0137
2024-07-01,Squaw Creek Reservoir,0.0135
2024-07-02,Squaw Creek Reservoir,0.014
2024-07-03,Squaw Creek Reservoir,0.0135
2024-07-04,Squaw Creek Reservoir,0.0132
2024-07-05,Squaw Creek Reservoir,0.0131
2024-07-06,Squaw Creek Reservoir,0.013
2024-07-07,Squaw Creek Reservoir,0.0129
2024-07-08,Squaw Creek Reservoir,0.0128
2024-07-09,Squaw Creek Reservoir,0.0143
2024-07-10,Squaw Creek Reservoir,0.0138
2024-07-11,Squaw Creek Reservoir,0.0127
2024-07-12,Squaw Creek Reservoir,0.0124
2024-07-13,Squaw Creek Reservoir,0.0123
2024-07-14,Squaw Creek Reservoir,0.0122
2024-07-15,Squaw Creek Reservoir,0.0247
2024-07-16,Squaw Creek Reservoir,0.0149
2024-07-17,Squaw Creek Reservoir,0.013
2024-07-18,Squaw Creek Reservoir,0.0124
2024-07-19,Squaw Creek Reservoir,0.0117
2024-07-20,Squaw Creek Reservoir,0.0116
2024-07-21,Squaw Creek Reservoir,0.0115
2024-07-22,Squaw Creek Reservoir,0.0114
2024-07-23,Squaw Creek Reservoir,0.0113
2024-07-24,Squaw Creek Reservoir,0.0112
2024-07-25,Squaw Creek Reservoir,0.0111
2024-07-26,Squaw Creek Reservoir,0.011
2024-07-27,Squaw Creek Reservoir,0.0109
2024-07-28,Squaw Creek Reservoir,0.0109
2024-07-29,Squaw Creek Reservoir,0.0108
2024-07-30,Squaw Creek Reservoir,0.0107
2024-07-31,Squaw Creek Reservoir,0.0107
2024-08-01,Squaw Creek Reservoir,0.0105
2024-08-02,Squaw Creek Reservoir,0.0104
2024-08-03,Squaw Creek Reservoir,0.0109
2024-08-04,Squaw Creek Reservoir,0.0113
2024-08-05,Squaw Creek Reservoir,0.0102
2024-08-06,Squaw Creek Reservoir,0.0101
2024-08-07,Squaw Creek Reservoir,0.01
2024-08-08,Squaw Creek Reservoir,0.01
2024-08-09,Squaw Creek Reservoir,0.0099
2024-08-10,Squaw Creek Reservoir,0.0098
2024-08-11,Squaw Creek Reservoir,0.0097
2024-08-12,Squaw Creek Reservoir,0.0096
2024-08-13,Squaw Creek Reservoir,0.0096
2024-08-14,Squaw Creek Reservoir,0.0095
2024-08-15,Squaw Creek Reservoir,0.0094
2024-08-16,Squaw Creek Reservoir,0.0094
2024-08-17,Squaw Creek Reservoir,0.0093
2024-08-18,Squaw Creek Reservoir,0.0098
2024-08-19,Squaw Creek Reservoir,0.0195
2024-08-20,Squaw Creek Reservoir,0.0107
2024-08-21,Squaw Creek Reservoir,0.0176
2024-08-22,Squaw Creek Reservoir,0.0096
2024-08-23,Squaw Creek Reservoir,0.0089
2024-08-24,Squaw Creek Reservoir,0.009
2024-08-25,Squaw Creek Reservoir,0.0101
2024-08-26,Squaw Creek Reservoir,0.0091
2024-08-27,Squaw Creek Reservoir,0.0088
2024-08-28,Squaw Creek Reservoir,0.0085
2024-08-29,Squaw Creek Reservoir,0.0085
2024-08-30,Squaw Creek Reservoir,0.0084
2024-08-31,Squaw Creek Reservoir,0.0084
2024-09-01,Squaw Creek Reservoir,0.0085
2024-09-02,Squaw Creek Reservoir,0.0083
2024-09-03,Squaw Creek Reservoir,0.0082
2024-09-04,Squaw Creek Reservoir,0.0082
2024-09-05,Squaw Creek Reservoir,0.0081
2024-09-06,Squaw Creek Reservoir,0.0083
2024-09-07,Squaw Creek Reservoir,0.0127
2024-09-08,Squaw Creek Reservoir,0.0079
2024-09-09,Squaw Creek Reservoir,0.008
2024-09-10,Squaw Creek Reservoir,0.0078
2024-09-11,Squaw Creek Reservoir,0.0077
2024-09-12,Squaw Creek Reservoir,0.0076
2024-09-13,Squaw Creek Reservoir,0.0108
2024-09-14,Squaw Creek Reservoir,0.0075
2024-09-15,Squaw Creek Reservoir,0.0075
2024-09-16,Squaw Creek Reservoir,0.0074
2024-09-17,Squaw Creek Reservoir,0.0074
2024-09-18,Squaw Creek Reservoir,0.0074
2024-09-19,Squaw Creek Reservoir,0.0415
2024-09-20,Squaw Creek Reservoir,0.0078
2024-09-21,Squaw Creek Reservoir,0.0072
2024-09-22,Squaw Creek Reservoir,0.0074
2024-09-23,Squaw Creek Reservoir,0.0073
2024-09-24,Squaw Creek Reservoir,0.007
2024-09-25,Squaw Creek Reservoir,0.007
2024-09-26,Squaw Creek Reservoir,0.0069
2024-09-27,Squaw Creek Reservoir,0.0068
2024-09-28,Squaw Creek Reservoir,0.0069
2024-09-29,Squaw Creek Reservoir,0.009
2024-09-30,Squaw Creek Reservoir,0.0092
2024-10-01,Squaw Creek Reservoir,0.007
2024-10-02,Squaw Creek Reservoir,0.0066
2024-10-03,Squaw Creek Reservoir,0.0066
2024-10-04,Squaw Creek Reservoir,0.0065
2024-10-05,Squaw Creek Reservoir,0.0065
2024-10-06,Squaw Creek Reservoir,0.0064
2024-10-07,Squaw Creek Reservoir,0.0064
2024-10-08,Squaw Creek Reservoir,0.007
2024-10-09,Squaw Creek Reservoir,0.0063
2024-10-10,Squaw Creek Reservoir,0.0062
2024-10-11,Squaw Creek Reservoir,0.0062
2024-10-12,Squaw Creek Reservoir,0.0062
2024-10-13,Squaw Creek Reservoir,0.0061
2024-10-14,Squaw Creek Reservoir,0.0061
2024-10-15,Squaw Creek Reservoir,0.006
2024-10-16,Squaw Creek Reservoir,0.006
2024-10-17,Squaw Creek Reservoir,0.0061
2024-10-18,Squaw Creek Reservoir,0.0059
2024-10-19,Squaw Creek Reservoir,0.006
2024-10-20,Squaw Creek Reservoir,0.0076
2024-10-21,Squaw Creek Reservoir,0.033
2024-10-22,Squaw Creek Reservoir,0.0058
2024-10-23,Squaw Creek Reservoir,0.0057
2024-10-24,Squaw Creek Reservoir,0.0057
2024-10-25,Squaw Creek Reservoir,0.0058
2024-10-26,Squaw Creek Reservoir,0.0056
2024-10-27,Squaw Creek Reservoir,0.0056
2024-10-28,Squaw Creek Reservoir,0.0055
2024-10-29,Squaw Creek Reservoir,0.0055
2024-10-30,Squaw Creek Reservoir,0.0055
2024-10-31,Squaw Creek Reservoir,0.0054
2024-11-01,Squaw Creek Reservoir,0.0054
2024-11-02,Squaw Creek Reservoir,0.0053
2024-11-03,Squaw Creek Reservoir,0.0053
2024-11-04,Squaw Creek Reservoir,0.0053
2024-11-05,Squaw Creek Reservoir,0.0052
2024-11-06,Squaw Creek Reservoir,0.0052
2024-11-07,Squaw Creek Reservoir,0.0052
2024-11-08,Squaw Creek Reservoir,0.0051
2024-11-09,Squaw Creek Reservoir,0.0053
2024-11-10,Squaw Creek Reservoir,0.0051
2024-11-11,Squaw Creek Reservoir,0.0213
2024-11-12,Squaw Creek Reservoir,0.005
2024-11-13,Squaw Creek Reservoir,0.005
2024-11-14,Squaw Creek Reservoir,0.0049
2024-11-15,Squaw Creek Reservoir,0.006
2024-11-16,Squaw Creek Reservoir,0.041
2024-11-17,Squaw Creek Reservoir,0.0096
2024-11-18,Squaw Creek Reservoir,0.0048
2024-11-19,Squaw Creek Reservoir,0.0048
2024-11-20,Squaw Creek Reservoir,0.0061
2024-11-21,Squaw Creek Reservoir,0.0048
2024-11-22,Squaw Creek Reservoir,0.0047
2024-11-23,Squaw Creek Reservoir,0.0046
2024-11-24,Squaw Creek Reservoir,0.0046
2024-11-25,Squaw Creek Reservoir,0.005
2024-11-26,Squaw Creek Reservoir,0.0046
2024-11-27,Squaw Creek Reservoir,0.0045
2024-11-28,Squaw Creek Reservoir,0.0045
2024-11-29,Squaw Creek Reservoir,0.0045
2024-11-30,Squaw Creek Reservoir,0.0044
2024-12-01,Squaw Creek Reservoir,0.0044
2024-12-02,Squaw Creek Reservoir,0.0044
2024-12-03,Squaw Creek Reservoir,0.0044
2024-12-04,Squaw Creek Reservoir,0.0224
2024-12-05,Squaw Creek Reservoir,0.039
2024-12-06,Squaw Creek Reservoir,0.0043
2024-12-07,Squaw Creek Reservoir,0.0043
2024-12-08,Squaw Creek Reservoir,0.0042
2024-12-09,Squaw Creek Reservoir,0.0042
2024-12-10,Squaw Creek Reservoir,0.0042
2024-12-11,Squaw Creek Reservoir,0.0042
2024-12-12,Squaw Creek Reservoir,0.0041
2024-12-13,Squaw Creek Reservoir,0.0041
2024-12-14,Squaw Creek Reservoir,0.0041
2024-12-15,Squaw Creek Reservoir,0.0041
2024-12-16,Squaw Creek Reservoir,0.004
2024-12-17,Squaw Creek Reservoir,0.004
2024-12-18,Squaw Creek Reservoir,0.004
2024-12-19,Squaw Creek Reservoir,0.004
2024-12-20,Squaw Creek Reservoir,0.004
2024-12-21,Squaw Creek Reservoir,0.0039
2024-12-22,Squaw Creek Reservoir,0.0039
2024-12-23,Squaw Creek Reservoir,0.0039
2024-12-24,Squaw Creek Reservoir,0.0038
2024-12-25,Squaw Creek Reservoir,0.0038
2024-12-26,Squaw Creek Reservoir,0.0038
2024-12-27,Squaw Creek Reservoir,0.0038
2024-12-28,Squaw Creek Reservoir,0.0038
2024-12-29,Squaw Creek Reservoir,0.0037
2024-12-30,Squaw Creek Reservoir,0.0037
2024-12-31,Squaw Creek Reservoir,0.0037
2025-01-01,Squaw Creek Reservoir,0.0037
2025-01-02,Squaw Creek Reservoir,0.0036
2025-01-03,Squaw Creek Reservoir,0.0036
2025-01-04,Squaw Creek Reservoir,0.0036
2025-01-05,Squaw Creek Reservoir,0.0036
2025-01-06,Squaw Creek Reservoir,0.0036
2025-01-07,Squaw Creek Reservoir,0.0039
2025-01-08,Squaw Creek Reservoir,0.0035
2025-01-09,Squaw Creek Reservoir,0.011
2025-01-10,Squaw Creek Reservoir,0.0036
2025-01-11,Squaw Creek Reservoir,0.0035
2025-01-12,Squaw Creek Reservoir,0.0034
2025-01-13,Squaw Creek Reservoir,0.0034
2025-01-14,Squaw Creek Reservoir,0.0034
2025-01-15,Squaw Creek Reservoir,0.0034
2025-01-16,Squaw Creek Reservoir,0.0034
2025-01-17,Squaw Creek Reservoir,0.0033
2025-01-18,Squaw Creek Reservoir,0.0033
2025-01-19,Squaw Creek Reservoir,0.0033
2025-01-20,Squaw Creek Reservoir,0.0033
2025-01-21,Squaw Creek Reservoir,0.0033
2025-01-22,Squaw Creek Reservoir,0.0032
2025-01-23,Squaw Creek Reservoir,0.0032
2025-01-24,Squaw Creek Reservoir,0.0032
2025-01-25,Squaw Creek Reservoir,0.0032
2025-01-26,Squaw Creek Reservoir,0.0032
2025-01-27,Squaw Creek Reservoir,0.0032
2025-01-28,Squaw Creek Reservoir,0.0033
2025-01-29,Squaw Creek Reservoir,0.0053
2025-01-30,Squaw Creek Reservoir,0.0036
2025-01-31,Squaw Creek Reservoir,0.0031
2025-02-01,Squaw Creek Reservoir,0.0066
2025-02-02,Squaw Creek Reservoir,0.0031
2025-02-03,Squaw Creek Reservoir,0.003
2025-02-04,Squaw Creek Reservoir,0.003
2025-02-05,Squaw Creek Reservoir,0.003
2025-02-06,Squaw Creek Reservoir,0.003
2025-02-07,Squaw Creek Reservoir,0.003
2025-02-08,Squaw Creek Reservoir,0.0045
2025-02-09,Squaw Creek Reservoir,0.003
2025-02-10,Squaw Creek Reservoir,0.0029
2025-02-11,Squaw Creek Reservoir,0.0029
2025-02-12,Squaw Creek Reservoir,0.0029
2025-02-13,Squaw Creek Reservoir,0.0238
2025-02-14,Squaw Creek Reservoir,0.0031
2025-02-15,Squaw Creek Reservoir,0.0028
2025-02-16,Squaw Creek Reservoir,0.0028
2025-02-17,Squaw Creek Reservoir,0.0028
2025-02-18,Squaw Creek Reservoir,0.0028
2025-02-19,Squaw Creek Reservoir,0.0028
2025-02-20,Squaw Creek Reservoir,0.0028
2025-02-21,Squaw Creek Reservoir,0.0028
2025-02-22,Squaw Creek Reservoir,0.0028
2025-02-23,Squaw Creek Reservoir,0.0044
2025-02-24,Squaw Creek Reservoir,0.0028
2025-02-25,Squaw Creek Reservoir,0.0044
2025-02-26,Squaw Creek Reservoir,0.076
2025-02-27,Squaw Creek Reservoir,0.0028
2025-02-28,Squaw Creek Reservoir,0.0027
2025-03-01,Squaw Creek Reservoir,0.0095
2025-03-02,Squaw Creek Reservoir,0.0027
2025-03-03,Squaw Creek Reservoir,0.0026
2025-03-04,Squaw Creek Reservoir,0.0029
2025-03-05,Squaw Creek Reservoir,0.0093
2025-03-06,Squaw Creek Reservoir,0.0026
2025-03-07,Squaw Creek Reservoir,0.0026
2025-03-08,Squaw Creek Reservoir,0.004
2025-03-09,Squaw Creek Reservoir,0.0029
2025-03-10,Squaw Creek Reservoir,0.0025
2025-03-11,Squaw Creek Reservoir,0.0025
2025-03-12,Squaw Creek Reservoir,0.0048
2025-03-13,Squaw Creek Reservoir,0.0033
2025-03-14,Squaw Creek Reservoir,0.0025
2025-03-15,Squaw Creek Reservoir,0.0025
2025-03-16,Squaw Creek Reservoir,0.0024
2025-03-17,Squaw Creek Reservoir,0.0025
2025-03-18,Squaw Creek Reservoir,0.0147
2025-03-19,Squaw Creek Reservoir,0.003
2025-03-20,Squaw Creek Reservoir,0.0024
2025-03-21,Squaw Creek Reservoir,0.0024
2025-03-22,Squaw Creek Reservoir,0.0024
2025-03-23,Squaw Creek Reservoir,0.0024
2025-03-24,Squaw Creek Reservoir,0.0024
2025-03-25,Squaw Creek Reservoir,0.0023
2025-03-26,Squaw Creek Reservoir,0.0023
2025-03-27,Squaw Creek Reservoir,0.0023
2025-03-28,Squaw Creek Reservoir,0.0023
2025-03-29,Squaw Creek Reservoir,0.0631
2025-03-30,Squaw Creek Reservoir,0.026
2025-03-31,Squaw Creek Reservoir,0.0023
2025-04-01,Squaw Creek Reservoir,0.0023
2025-04-02,Squaw Creek Reservoir,0.0022
2025-04-03,Squaw Creek Reservoir,0.0039
2025-04-04,Squaw Creek Reservoir,0.0079
2025-04-05,Squaw Creek Reservoir,0.0136
2025-04-06,Squaw Creek Reservoir,0.0025
2025-04-07,Squaw Creek Reservoir,0.0022
2025-04-08,Squaw Creek Reservoir,0.0024
2025-04-09,Squaw Creek Reservoir,0.0023
2025-04-10,Squaw Creek Reservoir,0.0022
2025-04-11,Squaw Creek Reservoir,0.0022
2025-04-12,Squaw Creek Reservoir,0.0022
2025-04-13,Squaw Creek Reservoir,0.0022
2025-04-14,Squaw Creek Reservoir,0.0025
2025-04-15,Squaw Creek Reservoir,0.0021
2025-04-16,Squaw Creek Reservoir,0.0021
2025-04-17,Squaw Creek Reservoir,0.0021
2025-04-18,Squaw Creek Reservoir,0.0021
2025-04-19,Squaw Creek Reservoir,0.0021
2025-04-20,Squaw Creek Reservoir,0.0021
2025-04-21,Squaw Creek Reservoir,0.0086
2025-04-22,Squaw Creek Reservoir,0.0023
2025-04-23,Squaw Creek Reservoir,0.003
2025-04-24,Squaw Creek Reservoir,0.0021
2025-04-25,Squaw Creek Reservoir,0.0024
2025-04-26,Squaw Creek Reservoir,0.0024
2025-04-27,Squaw Creek Reservoir,0.002
2025-04-28,Squaw Creek Reservoir,0.002
2025-04-29,Squaw Creek Reservoir,0.002
2025-04-30,Squaw Creek Reservoir,0.0021
2025-05-01,Squaw Creek Reservoir,0.002
2025-05-02,Squaw Creek Reservoir,0.002
2025-05-03,Squaw Creek Reservoir,0.002
2025-05-04,Squaw Creek Reservoir,0.0019
2025-05-05,Squaw Creek Reservoir,0.002
2025-05-06,Squaw Creek Reservoir,0.0019
2025-05-07,Squaw Creek Reservoir,0.0501
2025-05-08,Squaw Creek Reservoir,0.0019
2025-05-09,Squaw Creek Reservoir,0.0066
2025-05-10,Squaw Creek Reservoir,0.0026
2025-05-11,Squaw Creek Reservoir,0.0028
2025-05-12,Squaw Creek Reservoir,0.0037
2025-05-13,Squaw Creek Reservoir,0.0368
2025-05-14,Squaw Creek Reservoir,0.0025
2025-05-15,Squaw Creek Reservoir,0.0452
2025-05-16,Squaw Creek Reservoir,0.0092
2025-05-17,Squaw Creek Reservoir,0.0332
2025-05-18,Squaw Creek Reservoir,0.0042
2025-05-19,Squaw Creek Reservoir,0.002
2025-05-20,Squaw Creek Reservoir,0.0018
2025-05-21,Squaw Creek Reservoir,0.0025
2025-05-22,Squaw Creek Reservoir,0.0018
2025-05-23,Squaw Creek Reservoir,0.0025
2025-05-24,Squaw Creek Reservoir,0.0892
2025-05-25,Squaw Creek Reservoir,0.0549
2025-05-26,Squaw Creek Reservoir,0.2414
2025-05-27,Squaw Creek Reservoir,0.002
2025-05-28,Squaw Creek Reservoir,0.0026
2025-05-29,Squaw Creek Reservoir,0.0026
2025-05-30,Squaw Creek Reservoir,0.0028
2025-05-31,Squaw Creek Reservoir,0.274
2025-06-01,Squaw Creek Reservoir,0.1155
2025-06-02,Squaw Creek Reservoir,0.0688
2025-06-03,Squaw Creek Reservoir,0.042
2025-06-04,Squaw Creek Reservoir,0.0638
2025-06-05,Squaw Creek Reservoir,0.023
2025-06-06,Squaw Creek Reservoir,0.0194
2025-06-07,Squaw Creek Reservoir,0.017
2025-06-08,Squaw Creek Reservoir,0.0162
2025-06-09,Squaw Creek Reservoir,0.0382
2025-06-10,Squaw Creek Reservoir,0.0203
2025-06-11,Squaw Creek Reservoir,0.0181
2025-06-12,Squaw Creek Reservoir,0.017
2025-06-13,Squaw Creek Reservoir,0.0156
2025-06-14,Squaw Creek Reservoir,0.0151
2025-06-15,Squaw Creek Reservoir,0.1025
2025-06-16,Squaw Creek Reservoir,0.0145
2025-06-17,Squaw Creek Reservoir,0.0149
2025-06-18,Squaw Creek Reservoir,0.0137
2025-06-19,Squaw Creek Reservoir,0.0129
2025-06-20,Squaw Creek Reservoir,0.0122
2025-06-21,Squaw Creek Reservoir,0.0432
2025-06-22,Squaw Creek Reservoir,0.2297
2025-06-23,Squaw Creek Reservoir,0.0372
2025-06-24,Squaw Creek Reservoir,0.0344
2025-06-25,Squaw Creek Reservoir,0.027
2025-06-26,Squaw Creek Reservoir,0.0232
2025-06-27,Squaw Creek Reservoir,0.0204
2025-06-28,Squaw Creek Reservoir,0.0184
2025-06-29,Squaw Creek Reservoir,0.0174
2025-06-30,Squaw Creek Reservoir,0.0152
2025-07-01,Squaw Creek Reservoir,0.0147
2025-07-02,Squaw Creek Reservoir,0.0179
2025-07-03,Squaw Creek Reservoir,0.0123
2025-07-04,Squaw Creek Reservoir,0.0116
2025-07-05,Squaw Creek Reservoir,0.011
2025-07-06,Squaw Creek Reservoir,0.0134
2025-07-07,Squaw Creek Reservoir,0.0114
2025-07-08,Squaw Creek Reservoir,0.0095
2025-07-09,Squaw Creek Reservoir,0.0098
2025-07-10,Squaw Creek Reservoir,0.0091
2025-07-11,Squaw Creek Reservoir,0.0114
2025-07-12,Squaw Creek Reservoir,0.0247
2025-07-13,Squaw Creek Reservoir,0.0327
2025-07-14,Squaw Creek Reservoir,0.016
2025-07-15,Squaw Creek Reservoir,0.0082
2025-07-16,Squaw Creek Reservoir,0.0077
2025-07-17,Squaw Creek Reservoir,0.015
2025-07-18,Squaw Creek Reservoir,0.0198
2025-07-19,Squaw Creek Reservoir,0.0071
2025-07-20,Squaw Creek Reservoir,0.0068
2025-07-21,Squaw Creek Reservoir,0.0064
2025-07-22,Squaw Creek Reservoir,0.0062
2025-07-23,Squaw Creek Reservoir,0.0062
2025-07-24,Squaw Creek Reservoir,0.0061
2025-07-25,Squaw Creek Reservoir,0.006
2025-07-26,Squaw Creek Reservoir,0.0067
2025-07-27,Squaw Creek Reservoir,0.0284
2025-07-28,Squaw Creek Reservoir,0.0188
2025-07-29,Squaw Creek Reservoir,0.0177
2025-07-30,Squaw Creek Reservoir,0.0403
2025-07-31,Squaw Creek Reservoir,0.0599
2025-08-01,Squaw Creek Reservoir,0.1109
2025-08-02,Squaw Creek Reservoir,0.0111
2025-08-03,Squaw Creek Reservoir,0.014
2025-08-04,Squaw Creek Reservoir,0.0148
2025-08-05,Squaw Creek Reservoir,0.014
2025-08-06,Squaw Creek Reservoir,0.0132
2025-08-07,Squaw Creek Reservoir,0.0124
2025-08-08,Squaw Creek Reservoir,0.0118
2025-08-09,Squaw Creek Reservoir,0.0112
2025-08-10,Squaw Creek Reservoir,0.0119
2025-08-11,Squaw Creek Reservoir,0.0154
2025-08-12,Squaw Creek Reservoir,0.0097
2025-08-13,Squaw Creek Reservoir,0.1182
2025-08-14,Squaw Creek Reservoir,0.0129
2025-08-15,Squaw Creek Reservoir,0.0109
2025-08-16,Squaw Creek Reservoir,0.009
2025-08-17,Squaw Creek Reservoir,0.0144
2025-08-18,Squaw Creek Reservoir,0.0141
2025-08-19,Squaw Creek Reservoir,0.0086
2025-08-20,Squaw Creek Reservoir,0.0085
2025-08-21,Squaw Creek Reservoir,0.0075
2025-08-22,Squaw Creek Reservoir,0.0087
2025-08-23,Squaw Creek Reservoir,0.0095
2025-08-24,Squaw Creek Reservoir,0.0083
2025-08-25,Squaw Creek Reservoir,0.0066
2025-08-26,Squaw Creek Reservoir,0.0068
2025-08-27,Squaw Creek Reservoir,0.0064
2025-08-28,Squaw Creek Reservoir,0.008
2025-08-29,Squaw Creek Reservoir,0.017
2025-08-30,Squaw Creek Reservoir,0.006
2025-08-31,Squaw Creek Reservoir,0.0064
2025-09-01,Squaw Creek Reservoir,0.0058
2025-09-02,Squaw Creek Reservoir,0.0057
2025-09-03,Squaw Creek Reservoir,0.0057
2025-09-04,Squaw Creek Reservoir,0.0057
2025-09-05,Squaw Creek Reservoir,0.0056
2025-09-06,Squaw Creek Reservoir,0.0062
2025-09-07,Squaw Creek Reservoir,0.0058
2025-09-08,Squaw Creek Reservoir,0.0269
2025-09-09,Squaw Creek Reservoir,0.0057
2025-09-10,Squaw Creek Reservoir,0.0055
2025-09-11,Squaw Creek Reservoir,0.0054
2025-09-12,Squaw Creek Reservoir,0.0054
2025-09-13,Squaw Creek Reservoir,0.0597
2025-09-14,Squaw Creek Reservoir,0.0054
2025-09-15,Squaw Creek Reservoir,0.0657
2025-09-16,Squaw Creek Reservoir,0.0078
2025-09-17,Squaw Creek Reservoir,0.0056
2025-09-18,Squaw Creek Reservoir,0.0053
2025-09-19,Squaw Creek Reservoir,0.0056
2025-09-20,Squaw Creek Reservoir,0.0065
2025-09-21,Squaw Creek Reservoir,0.0072
2025-09-22,Squaw Creek Reservoir,0.0066
2025-09-23,Squaw Creek Reservoir,0.0053
2025-09-24,Squaw Creek Reservoir,0.0052
2025-09-25,Squaw Creek Reservoir,0.0052
2025-09-26,Squaw Creek Reservoir,0.0073
2025-09-27,Squaw Creek Reservoir,0.0651
2025-09-28,Squaw Creek Reservoir,0.0057
2025-09-29,Squaw Creek Reservoir,0.0077
2025-09-30,Squaw Creek Reservoir,0.0102
2025-10-01,Squaw Creek Reservoir,0.0056
2025-10-02,Squaw Creek Reservoir,0.0051
2025-10-03,Squaw Creek Reservoir,0.0051
2025-10-04,Squaw Creek Reservoir,0.005
2025-10-05,Squaw Creek Reservoir,0.005
2025-10-06,Squaw Creek Reservoir,0.005
2025-10-07,Squaw Creek Reservoir,0.005
2025-10-08,Squaw Creek Reservoir,0.005
2025-10-09,Squaw Creek Reservoir,0.005
2025-10-10,Squaw Creek Reservoir,0.0049
2025-10-11,Squaw Creek Reservoir,0.0049
2025-10-12,Squaw Creek Reservoir,0.0049
2025-10-13,Squaw Creek Reservoir,0.0049
2025-10-14,Squaw Creek Reservoir,0.0048
2025-10-15,Squaw Creek Reservoir,0.0048
2025-10-16,Squaw Creek Reservoir,0.0048
2025-10-17,Squaw Creek Reservoir,0.0779
2025-10-18,Squaw Creek Reservoir,0.011
2025-10-19,Squaw Creek Reservoir,0.0053
2025-10-20,Squaw Creek Reservoir,0.0047
2025-10-21,Squaw Creek Reservoir,0.0047
2025-10-22,Squaw Creek Reservoir,0.0047
2025-10-23,Squaw Creek Reservoir,0.0046
2025-10-24,Squaw Creek Reservoir,0.0046
2025-10-25,Squaw Creek Reservoir,0.0046
2025-10-26,Squaw Creek Reservoir,0.0046
2025-10-27,Squaw Creek Reservoir,0.0065
2025-10-28,Squaw Creek Reservoir,0.0045
2025-10-29,Squaw Creek Reservoir,0.0045
2025-10-30,Squaw Creek Reservoir,0.0045
2025-10-31,Squaw Creek Reservoir,0.0044
2025-11-01,Squaw Creek Reservoir,0.017
2025-11-02,Squaw Creek Reservoir,0.0045
2025-11-03,Squaw Creek Reservoir,0.0045
2025-11-04,Squaw Creek Reservoir,0.0043
2025-11-05,Squaw Creek Reservoir,0.0043
2025-11-06,Squaw Creek Reservoir,0.0043
2025-11-07,Squaw Creek Reservoir,0.0043
2025-11-08,Squaw Creek Reservoir,0.0042
2025-11-09,Squaw Creek Reservoir,0.0042
2025-11-10,Squaw Creek Reservoir,0.0044
2025-11-11,Squaw Creek Reservoir,0.0042
2025-11-12,Squaw Creek Reservoir,0.0044
2025-11-13,Squaw Creek Reservoir,0.0042
2025-11-14,Squaw Creek Reservoir,0.0041
2025-11-15,Squaw Creek Reservoir,0.0041
2025-11-16,Squaw Creek Reservoir,0.004
2025-11-17,Squaw Creek Reservoir,0.004
2025-11-18,Squaw Creek Reservoir,0.004
2025-11-19,Squaw Creek Reservoir,0.004
2025-11-20,Squaw Creek Reservoir,0.0039
2025-11-21,Squaw Creek Reservoir,0.0039
2025-11-22,Squaw Creek Reservoir,0.0039
2025-11-23,Squaw Creek Reservoir,0.0039
2025-11-24,Squaw Creek Reservoir,0.0038
2025-11-25,Squaw Creek Reservoir,0.0177
2025-11-26,Squaw Creek Reservoir,0.0038
2025-11-27,Squaw Creek Reservoir,0.0088
2025-11-28,Squaw Creek Reservoir,0.034
2025-11-29,Squaw Creek Reservoir,0.0141
2025-11-30,Squaw Creek Reservoir,0.0038
2025-12-01,Squaw Creek Reservoir,0.0037
2025-12-02,Squaw Creek Reservoir,0.0036
2025-12-03,Squaw Creek Reservoir,0.0036
2025-12-04,Squaw Creek Reservoir,0.0036
2025-12-05,Squaw Creek Reservoir,0.0036
2025-12-06,Squaw Creek Reservoir,0.0036
2025-12-07,Squaw Creek Reservoir,0.0035
2025-12-08,Squaw Creek Reservoir,0.0035
2025-12-09,Squaw Creek Reservoir,0.0035
2025-12-10,Squaw Creek Reservoir,0.0035
2025-12-11,Squaw Creek Reservoir,0.0034
2025-12-12,Squaw Creek Reservoir,0.0034
2025-12-13,Squaw Creek Reservoir,0.0034
2025-12-14,Squaw Creek Reservoir,0.0034
2025-12-15,Squaw Creek Reservoir,0.0034
2025-12-16,Squaw Creek Reservoir,0.0033
2025-12-17,Squaw Creek Reservoir,0.0033
2025-12-18,Squaw Creek Reservoir,0.0033
2025-12-19,Squaw Creek Reservoir,0.0042
2025-12-20,Squaw Creek Reservoir,0.0371
2025-12-21,Squaw Creek Reservoir,0.0032
2025-12-22,Squaw Creek Reservoir,0.0032
2025-12-23,Squaw Creek Reservoir,0.0032
2025-12-24,Squaw Creek Reservoir,0.0206
2025-12-25,Squaw Creek Reservoir,0.0032
2025-12-26,Squaw Creek Reservoir,0.0031
2025-12-27,Squaw Creek Reservoir,0.0031
2025-12-28,Squaw Creek Reservoir,0.0031
2025-12-29,Squaw Creek Reservoir,0.0031
2025-12-30,Squaw Creek Reservoir,0.0614
2025-12-31,Squaw Creek Reservoir,0.0622
2026-01-01,Squaw Creek Reservoir,0.0031
2026-01-02,Squaw Creek Reservoir,0.003
2026-01-03,Squaw Creek Reservoir,0.003
2026-01-04,Squaw Creek Reservoir,0.003
2026-01-05,Squaw Creek Reservoir,0.003
2026-01-06,Squaw Creek Reservoir,0.003
2026-01-07,Squaw Creek Reservoir,0.003
2026-01-08,Squaw Creek Reservoir,0.003
2026-01-09,Squaw Creek Reservoir,0.0029
2026-01-10,Squaw Creek Reservoir,0.0029
2026-01-11,Squaw Creek Reservoir,0.0029
2026-01-12,Squaw Creek Reservoir,0.0029
2026-01-13,Squaw Creek Reservoir,0.0029
2026-01-14,Squaw Creek Reservoir,0.0029
2026-01-15,Squaw Creek Reservoir,0.0029
2026-01-16,Squaw Creek Reservoir,0.0029
2026-01-17,Squaw Creek Reservoir,0.0029
2026-01-18,Squaw Creek Reservoir,0.0028
2026-01-19,Squaw Creek Reservoir,0.0028
2026-01-20,Squaw Creek Reservoir,0.0028
2026-01-21,Squaw Creek Reservoir,0.0028
2026-01-22,Squaw Creek Reservoir,0.0028
2026-01-23,Squaw Creek Reservoir,0.0028
2026-01-24,Squaw Creek Reservoir,0.0028
2026-01-25,Squaw Creek Reservoir,0.0028
2026-01-26,Squaw Creek Reservoir,0.0028
2026-01-27,Squaw Creek Reservoir,0.0028
2026-01-28,Squaw Creek Reservoir,0.0027
2026-01-29,Squaw Creek Reservoir,0.0027
2026-01-30,Squaw Creek Reservoir,0.0027
2026-01-31,Squaw Creek Reservoir,0.0027
2026-02-01,Squaw Creek Reservoir,0.0027
2026-02-02,Squaw Creek Reservoir,0.0027
2026-02-03,Squaw Creek Reservoir,0.0027
2026-02-04,Squaw Creek Reservoir,0.0026
2026-02-05,Squaw Creek Reservoir,0.0031
2026-02-06,Squaw Creek Reservoir,0.0164
2026-02-07,Squaw Creek Reservoir,0.1455
2026-02-08,Squaw Creek Reservoir,0.0026
2026-02-09,Squaw Creek Reservoir,0.0026
2026-02-10,Squaw Creek Reservoir,0.0026
2026-02-11,Squaw Creek Reservoir,0.0035
2026-02-12,Squaw Creek Reservoir,0.0772
2026-02-13,Squaw Creek Reservoir,0.053
2026-02-14,Squaw Creek Reservoir,0.0107
2026-02-15,Squaw Creek Reservoir,0.0028
2026-02-16,Squaw Creek Reservoir,0.003
2026-02-17,Squaw Creek Reservoir,0.0027
2026-02-18,Squaw Creek Reservoir,0.1057
2026-02-19,Squaw Creek Reservoir,0.0032
2026-02-20,Squaw Creek Reservoir,0.0029
2026-02-21,Squaw Creek Reservoir,0.0072
2026-02-22,Squaw Creek Reservoir,0.0038
2026-02-23,Squaw Creek Reservoir,0.0032
2026-02-24,Squaw Creek Reservoir,0.0032
2026-02-25,Squaw Creek Reservoir,0.0033
2026-02-26,Squaw Creek Reservoir,0.0033
2026-02-27,Squaw Creek Reservoir,0.0034
2026-02-28,Squaw Creek Reservoir,0.0045
2026-03-01,Squaw Creek Reservoir,0.0048
2026-03-02,Squaw Creek Reservoir,0.0035
2026-03-03,Squaw Creek Reservoir,0.0036
2026-03-04,Squaw Creek Reservoir,0.0036
2026-03-05,Squaw Creek Reservoir,0.0036
2026-03-06,Squaw Creek Reservoir,0.0038
2026-03-07,Squaw Creek Reservoir,0.005
2026-03-08,Squaw Creek Reservoir,0.0064
2026-03-09,Squaw Creek Reservoir,0.0138
2026-03-10,Squaw Creek Reservoir,0.0037
2026-03-11,Squaw Creek Reservoir,0.0038
2026-03-12,Squaw Creek Reservoir,0.0039
2026-03-13,Squaw Creek Reservoir,0.0589
2026-03-14,Squaw Creek Reservoir,0.0071
2026-03-15,Squaw Creek Reservoir,0.004
2026-03-16,Squaw Creek Reservoir,0.0038
2026-03-17,Squaw Creek Reservoir,0.0038
2026-03-18,Squaw Creek Reservoir,0.0348
2026-03-19,Squaw Creek Reservoir,0.0084
2026-03-20,Squaw Creek Reservoir,0.0038
2026-03-21,Squaw Creek Reservoir,0.1062
2026-03-22,Squaw Creek Reservoir,0.1151
2026-03-23,Squaw Creek Reservoir,0.004
2026-03-24,Squaw Creek Reservoir,0.0042
2026-03-25,Squaw Creek Reservoir,0.0044
2026-03-26,Squaw Creek Reservoir,0.0047
2026-03-27,Squaw Creek Reservoir,0.0062
2026-03-28,Squaw Creek Reservoir,0.0123
2026-03-29,Squaw Creek Reservoir,0.027
2026-03-30,Squaw Creek Reservoir,0.0095
2026-03-31,Squaw Creek Reservoir,0.0337
2026-04-01,Squaw Creek Reservoir,0.0089
2026-04-02,Squaw Creek Reservoir,0.0263
2026-04-03,Squaw Creek Reservoir,0.0218
2026-04-04,Squaw Creek Reservoir,0.0102
2026-04-05,Squaw Creek Reservoir,0.0091
2026-04-06,Squaw Creek Reservoir,0.0087
2026-04-07,Squaw Creek Reservoir,0.0084
2026-04-08,Squaw Creek Reservoir,0.0092
2026-04-09,Squaw Creek Reservoir,0.146
2026-04-10,Squaw Creek Reservoir,0.014
2026-04-11,Squaw Creek Reservoir,0.0099
2026-04-12,Squaw Creek Reservoir,0.0098
2026-04-13,Squaw Creek Reservoir,0.0093
2026-04-14,Squaw Creek Reservoir,0.009
2026-04-15,Squaw Creek Reservoir,0.0086
2026-04-16,Squaw Creek Reservoir,0.0083
2026-04-17,Squaw Creek Reservoir,0.0372
2026-04-18,Squaw Creek Reservoir,0.0076
2026-04-19,Squaw Creek Reservoir,0.0076
2026-04-20,Squaw Creek Reservoir,0.0076
2026-04-21,Squaw Creek Reservoir,0.0982
2026-04-22,Squaw Creek Reservoir,0.1977
2026-04-23,Squaw Creek Reservoir,0.0777
2026-04-24,Squaw Creek Reservoir,0.0415
2026-04-25,Squaw Creek Reservoir,0.0326
2026-04-26,Squaw Creek Reservoir,0.0269
2026-04-27,Squaw Creek Reservoir,0.208
2026-04-28,Squaw Creek Reservoir,0.0483
2026-04-29,Squaw Creek Reservoir,0.038
2026-04-30,Squaw Creek Reservoir,0.034
2026-05-01,Squaw Creek Reservoir,0.0288
2026-05-02,Squaw Creek Reservoir,0.0249
2026-05-03,Squaw Creek Reservoir,0.0221
2026-05-04,Squaw Creek Reservoir,0.0206
2026-05-05,Squaw Creek Reservoir,0.046
2026-05-06,Squaw Creek Reservoir,0.1029
2026-05-07,Squaw Creek Reservoir,0.0501
2026-05-08,Squaw Creek Reservoir,0.0184
2026-05-09,Squaw Creek Reservoir,0.017
2026-05-10,Squaw Creek Reservoir,0.0292
2026-05-11,Squaw Creek Reservoir,0.0148
2026-05-12,Squaw Creek Reservoir,0.0139
2026-05-13,Squaw Creek Reservoir,0.0131
2026-05-14,Squaw Creek Reservoir,0.0124
2026-05-15,Squaw Creek Reservoir,0.0117
2026-05-16,Squaw Creek Reservoir,0.0111
2026-05-17,Squaw Creek Reservoir,0.0143
2026-05-18,Squaw Creek Reservoir,0.0426
2026-05-19,Squaw Creek Reservoir,0.0153
2026-05-20,Squaw Creek Reservoir,0.193
2026-05-21,Squaw Creek Reservoir,0.0359
2026-05-22,Squaw Creek Reservoir,0.0195
2026-05-23,Squaw Creek Reservoir,0.0517
2026-05-24,Squaw Creek Reservoir,0.0385
2026-05-25,Squaw Creek Reservoir,0.018
2026-05-26,Squaw Creek Reservoir,0.0173
2026-05-27,Squaw Creek Reservoir,0.0162
2026-05-28,Squaw Creek Reservoir,0.0151
2026-05-29,Squaw Creek Reservoir,0.0144
2026-05-30,Squaw Creek Reservoir,0.088
2026-05-31,Squaw Creek Reservoir,0.0128
2026-06-01,Squaw Creek Reservoir,0.2816
2026-06-02,Squaw Creek Reservoir,0.876
2026-06-03,Squaw Creek Reservoir,0.3545
2026-06-04,Squaw Creek Reservoir,0.2494
2026-06-05,Squaw Creek Reservoir,0.1671
2026-06-06,Squaw Creek Reservoir,0.1172
2026-06-07,Squaw Creek Reservoir,0.0887
2026-06-08,Squaw Creek Reservoir,0.0706
2026-06-09,Squaw Creek Reservoir,0.0586
2026-06-10,Squaw Creek Reservoir,0.0504
2026-06-11,Squaw Creek Reservoir,0.0444
2026-06-12,Squaw Creek Reservoir,0.0391
2026-06-13,Squaw Creek Reservoir,0.0348
2026-06-14,Squaw Creek Reservoir,0.0317
2026-06-15,Squaw Creek Reservoir,0.0293
2026-06-16,Squaw Creek Reservoir,0.0274
2026-06-17,Squaw Creek Reservoir,0.0259
2026-06-18,Squaw Creek Reservoir,0.0244
2026-06-19,Squaw Creek Reservoir,0.0232
2026-06-20,Squaw Creek Reservoir,0.0221
2026-06-21,Squaw Creek Reservoir,0.0212
2026-06-22,Squaw Creek Reservoir,0.0216
2026-06-23,Squaw Creek Reservoir,0.0197
2026-06-24,Squaw Creek Reservoir,0.0191
2026-06-25,Squaw Creek Reservoir,0.0185
2026-06-26,Squaw Creek Reservoir,0.018
2026-06-27,Squaw Creek Reservoir,0.018
2026-06-28,Squaw Creek Reservoir,0.0173
2026-06-29,Squaw Creek Reservoir,0.0167
2026-06-30,Squaw Creek Reservoir,0.0164
2026-07-01,Squaw Creek Reservoir,0.016
2026-07-02,Squaw Creek Reservoir,0.0157
2026-07-03,Squaw Creek Reservoir,0.0306
2026-07-04,Squaw Creek Reservoir,0.0211
2026-07-05,Squaw Creek Reservoir,0.0149
2026-07-06,Squaw Creek Reservoir,0.0152
2026-07-07,Squaw Creek Reservoir,0.0144
2026-07-08,Squaw Creek Reservoir,0.0141
2026-07-09,Squaw Creek Reservoir,0.0139
2026-07-10,Squaw Creek Reservoir,0.0137
2026-07-11,Squaw Creek Reservoir,0.0136
2026-07-12,Squaw Creek Reservoir,0.0134
2026-07-13,Squaw Creek Reservoir,0.0132
2026-07-14,Squaw Creek Reservoir,0.0131
2026-07-15,Squaw Creek Reservoir,0.0129
2026-07-16,Squaw Creek Reservoir,0.0128
2026-07-17,Squaw Creek Reservoir,0.0127
2026-07-18,Squaw Creek Reservoir,0.0126
2026-07-19,Squaw Creek Reservoir,0.0126
2026-07-20,Squaw Creek Reservoir,0.0126
2026-07-21,Squaw Creek Reservoir,0.0122
2026-07-22,Squaw Creek Reservoir,0.0121
2026-07-23,Squaw Creek Reservoir,0.012
2026-07-24,Squaw Creek Reservoir,0.0119
2026-07-25,Squaw Creek Reservoir,0.0118
2026-07-26,Squaw Creek Reservoir,0.0118
2026-07-27,Squaw Creek Reservoir,0.0117
2026-07-28,Squaw Creek Reservoir,0.0116
2026-07-29,Squaw Creek Reservoir,0.0115
2026-07-30,Squaw Creek Reservoir,0.0114
2026-07-31,Squaw Creek Reservoir,0.0113
2026-08-01,Squaw Creek Reservoir,0.0112
2026-08-02,Squaw Creek Reservoir,0.0111
2026-08-03,Squaw Creek Reservoir,0.011
2026-08-04,Squaw Creek Reservoir,0.0113
2026-08-05,Squaw Creek Reservoir,0.0109
2026-08-06,Squaw Creek Reservoir,0.0108
2026-08-07,Squaw Creek Reservoir,0.0107
2026-08-08,Squaw Creek Reservoir,0.0106
2026-08-09,Squaw Creek Reservoir,0.0105
2026-08-10,Squaw Creek Reservoir,0.0114
2026-08-11,Squaw Creek Reservoir,0.0111
2026-08-12,Squaw Creek Reservoir,0.0184
2026-08-13,Squaw Creek Reservoir,0.0102
2026-08-14,Squaw Creek Reservoir,0.0106
2026-08-15,Squaw Creek Reservoir,0.01
2026-08-16,Squaw Creek Reservoir,0.0099
2026-08-17,Squaw Creek Reservoir,0.0098
2026-08-18,Squaw Creek Reservoir,0.0098
2026-08-19,Squaw Creek Reservoir,0.0097
2026-08-20,Squaw Creek Reservoir,0.0099
2026-08-21,Squaw Creek Reservoir,0.0106
2026-08-22,Squaw Creek Reservoir,0.0103
2026-08-23,Squaw Creek Reservoir,0.0094
2026-08-24,Squaw Creek Reservoir,0.0093
2026-08-25,Squaw Creek Reservoir,0.0092
2026-08-26,Squaw Creek Reservoir,0.0091
2026-08-27,Squaw Creek Reservoir,0.0091
2026-08-28,Squaw Creek Reservoir,0.0091
2026-08-29,Squaw Creek Reservoir,0.0089
2026-08-30,Squaw Creek Reservoir,0.0088
2026-08-31,Squaw Creek Reservoir,0.0088
2026-09-01,Squaw Creek Reservoir,0.0087
2026-09-02,Squaw Creek Reservoir,0.0087
2026-09-03,Squaw Creek Reservoir,0.0087
2026-09-04,Squaw Creek Reservoir,0.0091
2026-09-05,Squaw Creek Reservoir,0.0114
2026-09-06,Squaw Creek Reservoir,0.0115
2026-09-07,Squaw Creek Reservoir,0.0123
2026-09-08,Squaw Creek Reservoir,0.0095
2026-09-09,Squaw Creek Reservoir,0.0188
2026-09-10,Squaw Creek Reservoir,0.0762
2026-09-11,Squaw Creek Reservoir,0.0103
2026-09-12,Squaw Creek Reservoir,0.008
2026-09-13,Squaw Creek Reservoir,0.0083
2026-09-14,Squaw Creek Reservoir,0.0088
2026-09-15,Squaw Creek Reservoir,0.0078
2026-09-16,Squaw Creek Reservoir,0.0077
2026-09-17,Squaw Creek Reservoir,0.0076
2026-09-18,Squaw Creek Reservoir,0.0076
2026-09-19,Squaw Creek Reservoir,0.0075
2026-09-20,Squaw Creek Reservoir,0.0074
2026-09-21,Squaw Creek Reservoir,0.0074
2026-09-22,Squaw Creek Reservoir,0.0073
2026-09-23,Squaw Creek Reservoir,0.0072
2026-09-24,Squaw Creek Reservoir,0.0072
2026-09-25,Squaw Creek Reservoir,0.0111
2026-09-26,Squaw Creek Reservoir,0.0071
2026-09-27,Squaw Creek Reservoir,0.007
2026-09-28,Squaw Creek Reservoir,0.007
2026-09-29,Squaw Creek Reservoir,0.0069
2026-09-30,Squaw Creek Reservoir,0.0068
2026-10-01,Squaw Creek Reservoir,0.0068
2026-10-02,Squaw Creek Reservoir,0.0067
2026-10-03,Squaw Creek Reservoir,0.0067
2026-10-04,Squaw Creek Reservoir,0.0066
2026-10-05,Squaw Creek Reservoir,0.0066
2026-10-06,Squaw Creek Reservoir,0.0065
2026-10-07,Squaw Creek Reservoir,0.0065
2026-10-08,Squaw Creek Reservoir,0.0064
2026-10-09,Squaw Creek Reservoir,0.0064
2026-10-10,Squaw Creek Reservoir,0.0063
2026-10-11,Squaw Creek Reservoir,0.0063
2026-10-12,Squaw Creek Reservoir,0.0062
2026-10-13,Squaw Creek Reservoir,0.0062
2026-10-14,Squaw Creek Reservoir,0.0061
2026-10-15,Squaw Creek Reservoir,0.0061
2026-10-16,Squaw Creek Reservoir,0.006
2026-10-17,Squaw Creek Reservoir,0.006
2026-10-18,Squaw Creek Reservoir,0.012
2026-10-19,Squaw Creek Reservoir,0.0059
2026-10-20,Squaw Creek Reservoir,0.0058
2026-10-21,Squaw Creek Reservoir,0.0058
2026-10-22,Squaw Creek Reservoir,0.0058
2026-10-23,Squaw Creek Reservoir,0.0057
2026-10-24,Squaw Creek Reservoir,0.0057
2026-10-25,Squaw Creek Reservoir,0.0063
2026-10-26,Squaw Creek Reservoir,0.0056
2026-10-27,Squaw Creek Reservoir,0.0055
2026-10-28,Squaw Creek Reservoir,0.0055
2026-10-29,Squaw Creek Reservoir,0.0054
2026-10-30,Squaw Creek Reservoir,0.0054
2026-10-31,Squaw Creek Reservoir,0.0054
2026-11-01,Squaw Creek Reservoir,0.0053
2026-11-02,Squaw Creek Reservoir,0.0053
2026-11-03,Squaw Creek Reservoir,0.0052
2026-11-04,Squaw Creek Reservoir,0.0052
2026-11-05,Squaw Creek Reservoir,0.0052
2026-11-06,Squaw Creek Reservoir,0.0052
2026-11-07,Squaw Creek Reservoir,0.0226
2026-11-08,Squaw Creek Reservoir,0.0197
2026-11-09,Squaw Creek Reservoir,0.005
2026-11-10,Squaw Creek Reservoir,0.005
2026-11-11,Squaw Creek Reservoir,0.005
2026-11-12,Squaw Creek Reservoir,0.0049
2026-11-13,Squaw Creek Reservoir,0.0049
2026-11-14,Squaw Creek Reservoir,0.0054
2026-11-15,Squaw Creek Reservoir,0.0048
2026-11-16,Squaw Creek Reservoir,0.0047
2026-11-17,Squaw Creek Reservoir,0.0047
2026-11-18,Squaw Creek Reservoir,0.0047
2026-11-19,Squaw Creek Reservoir,0.0047
2026-11-20,Squaw Creek Reservoir,0.0046
2026-11-21,Squaw Creek Reservoir,0.0047
2026-11-22,Squaw Creek Reservoir,0.0045
2026-11-23,Squaw Creek Reservoir,0.0045
2026-11-24,Squaw Creek Reservoir,0.0045
2026-11-25,Squaw Creek Reservoir,0.0044
2026-11-26,Squaw Creek Reservoir,0.0124
2026-11-27,Squaw Creek Reservoir,0.0138
2026-11-28,Squaw Creek Reservoir,0.0044
2026-11-29,Squaw Creek Reservoir,0.0043
2026-11-30,Squaw Creek Reservoir,0.0075
2026-12-01,Squaw Creek Reservoir,0.103
2026-12-02,Squaw Creek Reservoir,0.0045
2026-12-03,Squaw Creek Reservoir,0.0042
2026-12-04,Squaw Creek Reservoir,0.0042
2026-12-05,Squaw Creek Reservoir,0.0041
2026-12-06,Squaw Creek Reservoir,0.0041
2026-12-07,Squaw Creek Reservoir,0.0041
2026-12-08,Squaw Creek Reservoir,0.004
2026-12-09,Squaw Creek Reservoir,0.004
2026-12-10,Squaw Creek Reservoir,0.004
2026-12-11,Squaw Creek Reservoir,0.004
2026-12-12,Squaw Creek Reservoir,0.004
2026-12-13,Squaw Creek Reservoir,0.0039
2026-12-14,Squaw Creek Reservoir,0.0039
2026-12-15,Squaw Creek Reservoir,0.0039
2026-12-16,Squaw Creek Reservoir,0.0039
2026-12-17,Squaw Creek Reservoir,0.0038
2026-12-18,Squaw Creek Reservoir,0.0038
2026-12-19,Squaw Creek Reservoir,0.0038
2026-12-20,Squaw Creek Reservoir,0.0038
2026-12-21,Squaw Creek Reservoir,0.0038
2026-12-22,Squaw Creek Reservoir,0.0037
2026-12-23,Squaw Creek Reservoir,0.0037
2026-12-24,Squaw Creek Reservoir,0.0037
2026-12-25,Squaw Creek Reservoir,0.0147
2026-12-26,Squaw Creek Reservoir,0.011
2026-12-27,Squaw Creek Reservoir,0.0086
2026-12-28,Squaw Creek Reservoir,0.0159
2026-12-29,Squaw Creek Reservoir,0.0058
2026-12-30,Squaw Creek Reservoir,0.0041
2026-12-31,Squaw Creek Reservoir,0.0276
2027-01-01,Squaw Creek Reservoir,0.0036
2027-01-02,Squaw Creek Reservoir,0.0035
2027-01-03,Squaw Creek Reservoir,0.0035
2027-01-04,Squaw Creek Reservoir,0.0035
2027-01-05,Squaw Creek Reservoir,0.004
2027-01-06,Squaw Creek Reservoir,0.0178
2027-01-07,Squaw Creek Reservoir,0.0035
2027-01-08,Squaw Creek Reservoir,0.0195
2027-01-09,Squaw Creek Reservoir,0.0074
2027-01-10,Squaw Creek Reservoir,0.0049
2027-01-11,Squaw Creek Reservoir,0.0058
2027-01-12,Squaw Creek Reservoir,0.0393
2027-01-13,Squaw Creek Reservoir,0.0898
2027-01-14,Squaw Creek Reservoir,0.0859
2027-01-15,Squaw Creek Reservoir,0.0178
2027-01-16,Squaw Creek Reservoir,0.0035
2027-01-17,Squaw Creek Reservoir,0.0038
2027-01-18,Squaw Creek Reservoir,0.0039
2027-01-19,Squaw Creek Reservoir,0.0041
2027-01-20,Squaw Creek Reservoir,0.0039
2027-01-21,Squaw Creek Reservoir,0.0147
2027-01-22,Squaw Creek Reservoir,0.0244
2027-01-23,Squaw Creek Reservoir,0.0051
2027-01-24,Squaw Creek Reservoir,0.0042
2027-01-25,Squaw Creek Reservoir,0.0042
2027-01-26,Squaw Creek Reservoir,0.0043
2027-01-27,Squaw Creek Reservoir,0.0043
2027-01-28,Squaw Creek Reservoir,0.0044
2027-01-29,Squaw Creek Reservoir,0.0044
2027-01-30,Squaw Creek Reservoir,0.0045
2027-01-31,Squaw Creek Reservoir,0.0045
2027-02-01,Squaw Creek Reservoir,0.0046
2027-02-02,Squaw Creek Reservoir,0.0045
2027-02-03,Squaw Creek Reservoir,0.0046
2027-02-04,Squaw Creek Reservoir,0.0046
2027-02-05,Squaw Creek Reservoir,0.0046
2027-02-06,Squaw Creek Reservoir,0.0046
2027-02-07,Squaw Creek Reservoir,0.0046
2027-02-08,Squaw Creek Reservoir,0.0046
2027-02-09,Squaw Creek Reservoir,0.0046
2027-02-10,Squaw Creek Reservoir,0.0046
2027-02-11,Squaw Creek Reservoir,0.0047
2027-02-12,Squaw Creek Reservoir,0.0047
2027-02-13,Squaw Creek Reservoir,0.0047
2027-02-14,Squaw Creek Reservoir,0.0047
2027-02-15,Squaw Creek Reservoir,0.0979
2027-02-16,Squaw Creek Reservoir,0.0047
2027-02-17,Squaw Creek Reservoir,0.0047
2027-02-18,Squaw Creek Reservoir,0.0047
2027-02-19,Squaw Creek Reservoir,0.0047
2027-02-20,Squaw Creek Reservoir,0.0078
2027-02-21,Squaw Creek Reservoir,0.0081
2027-02-22,Squaw Creek Reservoir,0.0046
2027-02-23,Squaw Creek Reservoir,0.0047
2027-02-24,Squaw Creek Reservoir,0.0055
2027-02-25,Squaw Creek Reservoir,0.0056
2027-02-26,Squaw Creek Reservoir,0.0549
2027-02-27,Squaw Creek Reservoir,0.0076
2027-02-28,Squaw Creek Reservoir,0.0086
2027-03-01,Squaw Creek Reservoir,0.0046
2027-03-02,Squaw Creek Reservoir,0.0046
2027-03-03,Squaw Creek Reservoir,0.0045
2027-03-04,Squaw Creek Reservoir,0.0045
2027-03-05,Squaw Creek Reservoir,0.0045
2027-03-06,Squaw Creek Reservoir,0.0045
2027-03-07,Squaw Creek Reservoir,0.0045
2027-03-08,Squaw Creek Reservoir,0.022
2027-03-09,Squaw Creek Reservoir,0.0045
2027-03-10,Squaw Creek Reservoir,0.008
2027-03-11,Squaw Creek Reservoir,0.0046
2027-03-12,Squaw Creek Reservoir,0.0053
2027-03-13,Squaw Creek Reservoir,0.0572
2027-03-14,Squaw Creek Reservoir,0.0083
2027-03-15,Squaw Creek Reservoir,0.0063
2027-03-16,Squaw Creek Reservoir,0.0043
2027-03-17,Squaw Creek Reservoir,0.0043
2027-03-18,Squaw Creek Reservoir,0.0043
2027-03-19,Squaw Creek Reservoir,0.0043
2027-03-20,Squaw Creek Reservoir,0.0043
2027-03-21,Squaw Creek Reservoir,0.0042
2027-03-22,Squaw Creek Reservoir,0.0078
2027-03-23,Squaw Creek Reservoir,0.0054
2027-03-24,Squaw Creek Reservoir,0.0134
2027-03-25,Squaw Creek Reservoir,0.0233
2027-03-26,Squaw Creek Reservoir,0.0519
2027-03-27,Squaw Creek Reservoir,0.1792
2027-03-28,Squaw Creek Reservoir,0.0569
2027-03-29,Squaw Creek Reservoir,0.0054
2027-03-30,Squaw Creek Reservoir,0.0101
2027-03-31,Squaw Creek Reservoir,0.0608
2027-04-01,Squaw Creek Reservoir,0.0216
2027-04-02,Squaw Creek Reservoir,0.0058
2027-04-03,Squaw Creek Reservoir,0.0076
2027-04-04,Squaw Creek Reservoir,0.009
2027-04-05,Squaw Creek Reservoir,0.0124
2027-04-06,Squaw Creek Reservoir,0.0122
2027-04-07,Squaw Creek Reservoir,0.0114
2027-04-08,Squaw Creek Reservoir,0.0111
2027-04-09,Squaw Creek Reservoir,0.0216
2027-04-10,Squaw Creek Reservoir,0.0107
2027-04-11,Squaw Creek Reservoir,0.0107
2027-04-12,Squaw Creek Reservoir,0.0107
2027-04-13,Squaw Creek Reservoir,0.0105
2027-04-14,Squaw Creek Reservoir,0.0098
2027-04-15,Squaw Creek Reservoir,0.0094
2027-04-16,Squaw Creek Reservoir,0.009
2027-04-17,Squaw Creek Reservoir,0.0086
2027-04-18,Squaw Creek Reservoir,0.0085
2027-04-19,Squaw Creek Reservoir,0.0225
2027-04-20,Squaw Creek Reservoir,0.0078
2027-04-21,Squaw Creek Reservoir,0.0162
2027-04-22,Squaw Creek Reservoir,0.0322
2027-04-23,Squaw Creek Reservoir,0.0098
2027-04-24,Squaw Creek Reservoir,0.0069
2027-04-25,Squaw Creek Reservoir,0.0067
2027-04-26,Squaw Creek Reservoir,0.0065
2027-04-27,Squaw Creek Reservoir,0.0064
2027-04-28,Squaw Creek Reservoir,0.1013
2027-04-29,Squaw Creek Reservoir,0.0062
2027-04-30,Squaw Creek Reservoir,0.0061
2027-05-01,Squaw Creek Reservoir,0.006
2027-05-02,Squaw Creek Reservoir,0.0349
2027-05-03,Squaw Creek Reservoir,0.0074
2027-05-04,Squaw Creek Reservoir,0.0058
2027-05-05,Squaw Creek Reservoir,0.0061
2027-05-06,Squaw Creek Reservoir,0.0056
2027-05-07,Squaw Creek Reservoir,0.0056
2027-05-08,Squaw Creek Reservoir,0.0591
2027-05-09,Squaw Creek Reservoir,0.0056
2027-05-10,Squaw Creek Reservoir,0.0054
2027-05-11,Squaw Creek Reservoir,0.0058
2027-05-12,Squaw Creek Reservoir,0.0062
2027-05-13,Squaw Creek Reservoir,0.0066
2027-05-14,Squaw Creek Reservoir,0.0053
2027-05-15,Squaw Creek Reservoir,0.0106
2027-05-16,Squaw Creek Reservoir,0.0054
2027-05-17,Squaw Creek Reservoir,0.0054
2027-05-18,Squaw Creek Reservoir,0.0055
2027-05-19,Squaw Creek Reservoir,0.0083
2027-05-20,Squaw Creek Reservoir,0.0054
2027-05-21,Squaw Creek Reservoir,0.0054
2027-05-22,Squaw Creek Reservoir,0.013
2027-05-23,Squaw Creek Reservoir,0.0051
2027-05-24,Squaw Creek Reservoir,0.0051
2027-05-25,Squaw Creek Reservoir,0.0132
2027-05-26,Squaw Creek Reservoir,0.005
2027-05-27,Squaw Creek Reservoir,0.005
2027-05-28,Squaw Creek Reservoir,0.005
2027-05-29,Squaw Creek Reservoir,0.007
2027-05-30,Squaw Creek Reservoir,0.005
2027-05-31,Squaw Creek Reservoir,0.0049
2027-06-01,Squaw Creek Reservoir,0.0049
2027-06-02,Squaw Creek Reservoir,0.0049
2027-06-03,Squaw Creek Reservoir,0.0048
2027-06-04,Squaw Creek Reservoir,0.0049
2027-06-05,Squaw Creek Reservoir,0.0048
2027-06-06,Squaw Creek Reservoir,0.0049
2027-06-07,Squaw Creek Reservoir,0.0047
2027-06-08,Squaw Creek Reservoir,0.0047
2027-06-09,Squaw Creek Reservoir,0.0047
2027-06-10,Squaw Creek Reservoir,0.0047
2027-06-11,Squaw Creek Reservoir,0.0046
2027-06-12,Squaw Creek Reservoir,0.0046
2027-06-13,Squaw Creek Reservoir,0.0046
2027-06-14,Squaw Creek Reservoir,0.0046
2027-06-15,Squaw Creek Reservoir,0.0045
2027-06-16,Squaw Creek Reservoir,0.0045
2027-06-17,Squaw Creek Reservoir,0.0045
2027-06-18,Squaw Creek Reservoir,0.0044
2027-06-19,Squaw Creek Reservoir,0.0044
2027-06-20,Squaw Creek Reservoir,0.0044
2027-06-21,Squaw Creek Reservoir,0.0044
2027-06-22,Squaw Creek Reservoir,0.0043
2027-06-23,Squaw Creek Reservoir,0.0043
2027-06-24,Squaw Creek Reservoir,0.0054
2027-06-25,Squaw Creek Reservoir,0.1604
2027-06-26,Squaw Creek Reservoir,0.0308
2027-06-27,Squaw Creek Reservoir,0.0321
2027-06-28,Squaw Creek Reservoir,0.0042
2027-06-29,Squaw Creek Reservoir,0.0043
2027-06-30,Squaw Creek Reservoir,0.0044
2027-07-01,Squaw Creek Reservoir,0.0063
2027-07-02,Squaw Creek Reservoir,0.0044
2027-07-03,Squaw Creek Reservoir,0.0043
2027-07-04,Squaw Creek Reservoir,0.0043
2027-07-05,Squaw Creek Reservoir,0.0043
2027-07-06,Squaw Creek Reservoir,0.0043
2027-07-07,Squaw Creek Reservoir,0.0043
2027-07-08,Squaw Creek Reservoir,0.0043
2027-07-09,Squaw Creek Reservoir,0.0043
2027-07-10,Squaw Creek Reservoir,0.0043
2027-07-11,Squaw Creek Reservoir,0.0043
2027-07-12,Squaw Creek Reservoir,0.0043
2027-07-13,Squaw Creek Reservoir,0.0043
2027-07-14,Squaw Creek Reservoir,0.0043
2027-07-15,Squaw Creek Reservoir,0.0043
2027-07-16,Squaw Creek Reservoir,0.0042
2027-07-17,Squaw Creek Reservoir,0.0042
2027-07-18,Squaw Creek Reservoir,0.0042
2027-07-19,Squaw Creek Reservoir,0.0042
2027-07-20,Squaw Creek Reservoir,0.0042
2027-07-21,Squaw Creek Reservoir,0.0042
2027-07-22,Squaw Creek Reservoir,0.0042
2027-07-23,Squaw Creek Reservoir,0.0042
2027-07-24,Squaw Creek Reservoir,0.0042
2027-07-25,Squaw Creek Reservoir,0.0041
2027-07-26,Squaw Creek Reservoir,0.0041
2027-07-27,Squaw Creek Reservoir,0.0041
2027-07-28,Squaw Creek Reservoir,0.0041
2027-07-29,Squaw Creek Reservoir,0.0041
2027-07-30,Squaw Creek Reservoir,0.0057
2027-07-31,Squaw Creek Reservoir,0.004
2027-08-01,Squaw Creek Reservoir,0.004
2027-08-02,Squaw Creek Reservoir,0.004
2027-08-03,Squaw Creek Reservoir,0.004
2027-08-04,Squaw Creek Reservoir,0.004
2027-08-05,Squaw Creek Reservoir,0.004
2027-08-06,Squaw Creek Reservoir,0.0039
2027-08-07,Squaw Creek Reservoir,0.0039
2027-08-08,Squaw Creek Reservoir,0.0039
2027-08-09,Squaw Creek Reservoir,0.0039
2027-08-10,Squaw Creek Reservoir,0.0041
2027-08-11,Squaw Creek Reservoir,0.0043
2027-08-12,Squaw Creek Reservoir,0.0038
2027-08-13,Squaw Creek Reservoir,0.0038
2027-08-14,Squaw Creek Reservoir,0.0038
2027-08-15,Squaw Creek Reservoir,0.0038
2027-08-16,Squaw Creek Reservoir,0.0038
2027-08-17,Squaw Creek Reservoir,0.0038
2027-08-18,Squaw Creek Reservoir,0.0037
2027-08-19,Squaw Creek Reservoir,0.0037
2027-08-20,Squaw Creek Reservoir,0.0037
2027-08-21,Squaw Creek Reservoir,0.0037
2027-08-22,Squaw Creek Reservoir,0.0036
2027-08-23,Squaw Creek Reservoir,0.0036
2027-08-24,Squaw Creek Reservoir,0.0036
2027-08-25,Squaw Creek Reservoir,0.0036
2027-08-26,Squaw Creek Reservoir,0.0036
2027-08-27,Squaw Creek Reservoir,0.0036
2027-08-28,Squaw Creek Reservoir,0.0035
2027-08-29,Squaw Creek Reservoir,0.0037
2027-08-30,Squaw Creek Reservoir,0.0035
2027-08-31,Squaw Creek Reservoir,0.0036
2027-09-01,Squaw Creek Reservoir,0.0099
2027-09-02,Squaw Creek Reservoir,0.016
2027-09-03,Squaw Creek Reservoir,0.0074
2027-09-04,Squaw Creek Reservoir,0.0034
2027-09-05,Squaw Creek Reservoir,0.0034
2027-09-06,Squaw Creek Reservoir,0.0034
2027-09-07,Squaw Creek Reservoir,0.0033
2027-09-08,Squaw Creek Reservoir,0.0033
2027-09-09,Squaw Creek Reservoir,0.0033
2027-09-10,Squaw Creek Reservoir,0.0091
2027-09-11,Squaw Creek Reservoir,0.0128
2027-09-12,Squaw Creek Reservoir,0.0032
2027-09-13,Squaw Creek Reservoir,0.0041
2027-09-14,Squaw Creek Reservoir,0.0032
2027-09-15,Squaw Creek Reservoir,0.0032
2027-09-16,Squaw Creek Reservoir,0.0032
2027-09-17,Squaw Creek Reservoir,0.0032
2027-09-18,Squaw Creek Reservoir,0.0031
2027-09-19,Squaw Creek Reservoir,0.0031
2027-09-20,Squaw Creek Reservoir,0.0031
2027-09-21,Squaw Creek Reservoir,0.0031
2027-09-22,Squaw Creek Reservoir,0.0031
2027-09-23,Squaw Creek Reservoir,0.003
2027-09-24,Squaw Creek Reservoir,0.003
2027-09-25,Squaw Creek Reservoir,0.003
2027-09-26,Squaw Creek Reservoir,0.003
2027-09-27,Squaw Creek Reservoir,0.003
2027-09-28,Squaw Creek Reservoir,0.003
2027-09-29,Squaw Creek Reservoir,0.1657
2027-09-30,Squaw Creek Reservoir,0.072
2027-10-01,Squaw Creek Reservoir,0.0037
2027-10-02,Squaw Creek Reservoir,0.003
2027-10-03,Squaw Creek Reservoir,0.003
2027-10-04,Squaw Creek Reservoir,0.003
2027-10-05,Squaw Creek Reservoir,0.003
2027-10-06,Squaw Creek Reservoir,0.0031
2027-10-07,Squaw Creek Reservoir,0.0031
2027-10-08,Squaw Creek Reservoir,0.0031
2027-10-09,Squaw Creek Reservoir,0.0031
2027-10-10,Squaw Creek Reservoir,0.0031
2027-10-11,Squaw Creek Reservoir,0.0031
2027-10-12,Squaw Creek Reservoir,0.0031
2027-10-13,Squaw Creek Reservoir,0.0031
2027-10-14,Squaw Creek Reservoir,0.0032
2027-10-15,Squaw Creek Reservoir,0.0032
2027-10-16,Squaw Creek Reservoir,0.0032
2027-10-17,Squaw Creek Reservoir,0.0034
2027-10-18,Squaw Creek Reservoir,0.0032
2027-10-19,Squaw Creek Reservoir,0.0032
2027-10-20,Squaw Creek Reservoir,0.0032
2027-10-21,Squaw Creek Reservoir,0.0032
2027-10-22,Squaw Creek Reservoir,0.0032
2027-10-23,Squaw Creek Reservoir,0.0032
2027-10-24,Squaw Creek Reservoir,0.0032
2027-10-25,Squaw Creek Reservoir,0.0032
2027-10-26,Squaw Creek Reservoir,0.0032
2027-10-27,Squaw Creek Reservoir,0.0032
2027-10-28,Squaw Creek Reservoir,0.0032
2027-10-29,Squaw Creek Reservoir,0.0032
2027-10-30,Squaw Creek Reservoir,0.0032
2027-10-31,Squaw Creek Reservoir,0.0032
2027-11-01,Squaw Creek Reservoir,0.0031
2027-11-02,Squaw Creek Reservoir,0.0031
2027-11-03,Squaw Creek Reservoir,0.0031
2027-11-04,Squaw Creek Reservoir,0.0031
2027-11-05,Squaw Creek Reservoir,0.0031
2027-11-06,Squaw Creek Reservoir,0.0031
2027-11-07,Squaw Creek Reservoir,0.0031
2027-11-08,Squaw Creek Reservoir,0.0031
2027-11-09,Squaw Creek Reservoir,0.0031
2027-11-10,Squaw Creek Reservoir,0.0031
2027-11-11,Squaw Creek Reservoir,0.027
2027-11-12,Squaw Creek Reservoir,0.0031
2027-11-13,Squaw Creek Reservoir,0.0031
2027-11-14,Squaw Creek Reservoir,0.003
2027-11-15,Squaw Creek Reservoir,0.003
2027-11-16,Squaw Creek Reservoir,0.003
2027-11-17,Squaw Creek Reservoir,0.003
2027-11-18,Squaw Creek Reservoir,0.003
2027-11-19,Squaw Creek Reservoir,0.003
2027-11-20,Squaw Creek Reservoir,0.003
2027-11-21,Squaw Creek Reservoir,0.003
2027-11-22,Squaw Creek Reservoir,0.003
2027-11-23,Squaw Creek Reservoir,0.0174
2027-11-24,Squaw Creek Reservoir,0.0116
2027-11-25,Squaw Creek Reservoir,0.0056
2027-11-26,Squaw Creek Reservoir,0.0029
2027-11-27,Squaw Creek Reservoir,0.0029
2027-11-28,Squaw Creek Reservoir,0.0029
2027-11-29,Squaw Creek Reservoir,0.0029
2027-11-30,Squaw Creek Reservoir,0.0122
2027-12-01,Squaw Creek Reservoir,0.0216
2027-12-02,Squaw Creek Reservoir,0.0627
2027-12-03,Squaw Creek Reservoir,0.0167
2027-12-04,Squaw Creek Reservoir,0.0028
2027-12-05,Squaw Creek Reservoir,0.0028
2027-12-06,Squaw Creek Reservoir,0.0028
2027-12-07,Squaw Creek Reservoir,0.0028
2027-12-08,Squaw Creek Reservoir,0.0028
2027-12-09,Squaw Creek Reservoir,0.0028
2027-12-10,Squaw Creek Reservoir,0.0028
2027-12-11,Squaw Creek Reservoir,0.0028
2027-12-12,Squaw Creek Reservoir,0.0028
2027-12-13,Squaw Creek Reservoir,0.0028
2027-12-14,Squaw Creek Reservoir,0.0028
2027-12-15,Squaw Creek Reservoir,0.004
2027-12-16,Squaw Creek Reservoir,0.0027
2027-12-17,Squaw Creek Reservoir,0.0027
2027-12-18,Squaw Creek Reservoir,0.0027
2027-12-19,Squaw Creek Reservoir,0.0027
2027-12-20,Squaw Creek Reservoir,0.0061
2027-12-21,Squaw Creek Reservoir,0.0029
2027-12-22,Squaw Creek Reservoir,0.0027
2027-12-23,Squaw Creek Reservoir,0.0053
2027-12-24,Squaw Creek Reservoir,0.0026
2027-12-25,Squaw Creek Reservoir,0.0026
2027-12-26,Squaw Creek Reservoir,0.0026
2027-12-27,Squaw Creek Reservoir,0.0027
2027-12-28,Squaw Creek Reservoir,0.0302
2027-12-29,Squaw Creek Reservoir,0.0724
2027-12-30,Squaw Creek Reservoir,0.0028
2027-12-31,Squaw Creek Reservoir,0.0026
2028-01-01,Squaw Creek Reservoir,0.0026
2028-01-02,Squaw Creek Reservoir,0.0026
2028-01-03,Squaw Creek Reservoir,0.0116
2028-01-04,Squaw Creek Reservoir,0.0072
2028-01-05,Squaw Creek Reservoir,0.0038
2028-01-06,Squaw Creek Reservoir,0.0038
2028-01-07,Squaw Creek Reservoir,0.0025
2028-01-08,Squaw Creek Reservoir,0.0146
2028-01-09,Squaw Creek Reservoir,0.0428
2028-01-10,Squaw Creek Reservoir,0.025
2028-01-11,Squaw Creek Reservoir,0.0103
2028-01-12,Squaw Creek Reservoir,0.1399
2028-01-13,Squaw Creek Reservoir,0.0709
2028-01-14,Squaw Creek Reservoir,0.003
2028-01-15,Squaw Creek Reservoir,0.0055
2028-01-16,Squaw Creek Reservoir,0.0036
2028-01-17,Squaw Creek Reservoir,0.0036
2028-01-18,Squaw Creek Reservoir,0.0038
2028-01-19,Squaw Creek Reservoir,0.0066
2028-01-20,Squaw Creek Reservoir,0.0039
2028-01-21,Squaw Creek Reservoir,0.004
2028-01-22,Squaw Creek Reservoir,0.0041
2028-01-23,Squaw Creek Reservoir,0.0042
2028-01-24,Squaw Creek Reservoir,0.1072
2028-01-25,Squaw Creek Reservoir,0.0158
2028-01-26,Squaw Creek Reservoir,0.0052
2028-01-27,Squaw Creek Reservoir,0.0063
2028-01-28,Squaw Creek Reservoir,0.0064
2028-01-29,Squaw Creek Reservoir,0.0063
2028-01-30,Squaw Creek Reservoir,0.0216
2028-01-31,Squaw Creek Reservoir,0.0066
2028-02-01,Squaw Creek Reservoir,0.0102
2028-02-02,Squaw Creek Reservoir,0.0082
2028-02-03,Squaw Creek Reservoir,0.0074
2028-02-04,Squaw Creek Reservoir,0.0075
2028-02-05,Squaw Creek Reservoir,0.0081
2028-02-06,Squaw Creek Reservoir,0.0097
2028-02-07,Squaw Creek Reservoir,0.0323
2028-02-08,Squaw Creek Reservoir,0.0078
2028-02-09,Squaw Creek Reservoir,0.0075
2028-02-10,Squaw Creek Reservoir,0.0079
2028-02-11,Squaw Creek Reservoir,0.0071
2028-02-12,Squaw Creek Reservoir,0.0068
2028-02-13,Squaw Creek Reservoir,0.0066
2028-02-14,Squaw Creek Reservoir,0.0064
2028-02-15,Squaw Creek Reservoir,0.0064
2028-02-16,Squaw Creek Reservoir,0.006
2028-02-17,Squaw Creek Reservoir,0.0059
2028-02-18,Squaw Creek Reservoir,0.0058
2028-02-19,Squaw Creek Reservoir,0.0057
2028-02-20,Squaw Creek Reservoir,0.0056
2028-02-21,Squaw Creek Reservoir,0.0055
2028-02-22,Squaw Creek Reservoir,0.0054
2028-02-23,Squaw Creek Reservoir,0.0084
2028-02-24,Squaw Creek Reservoir,0.0061
2028-02-25,Squaw Creek Reservoir,0.0052
2028-02-26,Squaw Creek Reservoir,0.0051
2028-02-27,Squaw Creek Reservoir,0.005
2028-02-28,Squaw Creek Reservoir,0.005
2028-02-29,Squaw Creek Reservoir,0.005
2028-03-01,Squaw Creek Reservoir,0.0054
2028-03-02,Squaw Creek Reservoir,0.0058
2028-03-03,Squaw Creek Reservoir,0.0048
2028-03-04,Squaw Creek Reservoir,0.0051
2028-03-05,Squaw Creek Reservoir,0.0422
2028-03-06,Squaw Creek Reservoir,0.0198
2028-03-07,Squaw Creek Reservoir,0.0766
2028-03-08,Squaw Creek Reservoir,0.0644
2028-03-09,Squaw Creek Reservoir,0.0286
2028-03-10,Squaw Creek Reservoir,0.0276
2028-03-11,Squaw Creek Reservoir,0.0788
2028-03-12,Squaw Creek Reservoir,0.0116
2028-03-13,Squaw Creek Reservoir,0.0326
2028-03-14,Squaw Creek Reservoir,0.0122
2028-03-15,Squaw Creek Reservoir,0.0139
2028-03-16,Squaw Creek Reservoir,0.0133
2028-03-17,Squaw Creek Reservoir,0.0127
2028-03-18,Squaw Creek Reservoir,0.0119
2028-03-19,Squaw Creek Reservoir,0.0111
2028-03-20,Squaw Creek Reservoir,0.0792
2028-03-21,Squaw Creek Reservoir,0.1196
2028-03-22,Squaw Creek Reservoir,0.0185
2028-03-23,Squaw Creek Reservoir,0.0181
2028-03-24,Squaw Creek Reservoir,0.0167
2028-03-25,Squaw Creek Reservoir,0.0222
2028-03-26,Squaw Creek Reservoir,0.0892
2028-03-27,Squaw Creek Reservoir,0.1167
2028-03-28,Squaw Creek Reservoir,0.0226
2028-03-29,Squaw Creek Reservoir,0.022
2028-03-30,Squaw Creek Reservoir,0.0198
2028-03-31,Squaw Creek Reservoir,0.018
2028-04-01,Squaw Creek Reservoir,0.0165
2028-04-02,Squaw Creek Reservoir,0.0156
2028-04-03,Squaw Creek Reservoir,0.0142
2028-04-04,Squaw Creek Reservoir,0.0132
2028-04-05,Squaw Creek Reservoir,0.0125
2028-04-06,Squaw Creek Reservoir,0.0319
2028-04-07,Squaw Creek Reservoir,0.0182
2028-04-08,Squaw Creek Reservoir,0.0562
2028-04-09,Squaw Creek Reservoir,0.0111
2028-04-10,Squaw Creek Reservoir,0.0096
2028-04-11,Squaw Creek Reservoir,0.0306
2028-04-12,Squaw Creek Reservoir,0.0088
2028-04-13,Squaw Creek Reservoir,0.0088
2028-04-14,Squaw Creek Reservoir,0.0086
2028-04-15,Squaw Creek Reservoir,0.0079
2028-04-16,Squaw Creek Reservoir,0.0076
2028-04-17,Squaw Creek Reservoir,0.0075
2028-04-18,Squaw Creek Reservoir,0.0072
2028-04-19,Squaw Creek Reservoir,0.007
2028-04-20,Squaw Creek Reservoir,0.0068
2028-04-21,Squaw Creek Reservoir,0.0066
2028-04-22,Squaw Creek Reservoir,0.0078
2028-04-23,Squaw Creek Reservoir,0.3802
2028-04-24,Squaw Creek Reservoir,0.3287
2028-04-25,Squaw Creek Reservoir,0.0894
2028-04-26,Squaw Creek Reservoir,0.0597
2028-04-27,Squaw Creek Reservoir,0.0458
2028-04-28,Squaw Creek Reservoir,0.0393
2028-04-29,Squaw Creek Reservoir,0.032
2028-04-30,Squaw Creek Reservoir,0.031
2028-05-01,Squaw Creek Reservoir,0.0343
2028-05-02,Squaw Creek Reservoir,0.1685
2028-05-03,Squaw Creek Reservoir,0.042
2028-05-04,Squaw Creek Reservoir,0.0402
2028-05-05,Squaw Creek Reservoir,0.0356
2028-05-06,Squaw Creek Reservoir,0.0321
2028-05-07,Squaw Creek Reservoir,0.0286
2028-05-08,Squaw Creek Reservoir,0.0255
2028-05-09,Squaw Creek Reservoir,0.0418
2028-05-10,Squaw Creek Reservoir,0.0216
2028-05-11,Squaw Creek Reservoir,0.1537
2028-05-12,Squaw Creek Reservoir,0.0228
2028-05-13,Squaw Creek Reservoir,0.0237
2028-05-14,Squaw Creek Reservoir,0.0222
2028-05-15,Squaw Creek Reservoir,0.025
2028-05-16,Squaw Creek Reservoir,0.0186
2028-05-17,Squaw Creek Reservoir,0.0179
2028-05-18,Squaw Creek Reservoir,0.017
2028-05-19,Squaw Creek Reservoir,0.0148
2028-05-20,Squaw Creek Reservoir,0.0138
2028-05-21,Squaw Creek Reservoir,0.0165
2028-05-22,Squaw Creek Reservoir,0.0161
2028-05-23,Squaw Creek Reservoir,0.0118
2028-05-24,Squaw Creek Reservoir,0.0113
2028-05-25,Squaw Creek Reservoir,0.0233
2028-05-26,Squaw Creek Reservoir,0.0105
2028-05-27,Squaw Creek Reservoir,0.0102
2028-05-28,Squaw Creek Reservoir,0.013
2028-05-29,Squaw Creek Reservoir,0.0576
2028-05-30,Squaw Creek Reservoir,0.0097
2028-05-31,Squaw Creek Reservoir,0.0093
2028-06-01,Squaw Creek Reservoir,0.0091
2028-06-02,Squaw Creek Reservoir,0.009
2028-06-03,Squaw Creek Reservoir,0.0099
2028-06-04,Squaw Creek Reservoir,0.0086
2028-06-05,Squaw Creek Reservoir,0.0085
2028-06-06,Squaw Creek Reservoir,0.0084
2028-06-07,Squaw Creek Reservoir,0.0083
2028-06-08,Squaw Creek Reservoir,0.0084
2028-06-09,Squaw Creek Reservoir,0.0964
2028-06-10,Squaw Creek Reservoir,0.0103
2028-06-11,Squaw Creek Reservoir,0.1379
2028-06-12,Squaw Creek Reservoir,0.0196
2028-06-13,Squaw Creek Reservoir,0.0609
2028-06-14,Squaw Creek Reservoir,0.1099
2028-06-15,Squaw Creek Reservoir,0.098
2028-06-16,Squaw Creek Reservoir,0.0312
2028-06-17,Squaw Creek Reservoir,0.0256
2028-06-18,Squaw Creek Reservoir,0.0232
2028-06-19,Squaw Creek Reservoir,0.0212
2028-06-20,Squaw Creek Reservoir,0.0194
2028-06-21,Squaw Creek Reservoir,0.018
2028-06-22,Squaw Creek Reservoir,0.0169
2028-06-23,Squaw Creek Reservoir,0.0161
2028-06-24,Squaw Creek Reservoir,0.0642
2028-06-25,Squaw Creek Reservoir,0.0144
2028-06-26,Squaw Creek Reservoir,0.014
2028-06-27,Squaw Creek Reservoir,0.013
2028-06-28,Squaw Creek Reservoir,0.0127
2028-06-29,Squaw Creek Reservoir,0.0146
2028-06-30,Squaw Creek Reservoir,0.0115
2028-07-01,Squaw Creek Reservoir,0.0111
2028-07-02,Squaw Creek Reservoir,0.0107
2028-07-03,Squaw Creek Reservoir,0.0104
2028-07-04,Squaw Creek Reservoir,0.0102
2028-07-05,Squaw Creek Reservoir,0.0108
2028-07-06,Squaw Creek Reservoir,0.0614
2028-07-07,Squaw Creek Reservoir,0.044
2028-07-08,Squaw Creek Reservoir,0.0161
2028-07-09,Squaw Creek Reservoir,0.0095
2028-07-10,Squaw Creek Reservoir,0.0095
2028-07-11,Squaw Creek Reservoir,0.0085
2028-07-12,Squaw Creek Reservoir,0.0086
2028-07-13,Squaw Creek Reservoir,0.0082
2028-07-14,Squaw Creek Reservoir,0.008
2028-07-15,Squaw Creek Reservoir,0.0079
2028-07-16,Squaw Creek Reservoir,0.0078
2028-07-17,Squaw Creek Reservoir,0.0077
2028-07-18,Squaw Creek Reservoir,0.0077
2028-07-19,Squaw Creek Reservoir,0.0078
2028-07-20,Squaw Creek Reservoir,0.0075
2028-07-21,Squaw Creek Reservoir,0.0075
2028-07-22,Squaw Creek Reservoir,0.0076
2028-07-23,Squaw Creek Reservoir,0.0114
2028-07-24,Squaw Creek Reservoir,0.0075
2028-07-25,Squaw Creek Reservoir,0.0112
2028-07-26,Squaw Creek Reservoir,0.0088
2028-07-27,Squaw Creek Reservoir,0.0075
2028-07-28,Squaw Creek Reservoir,0.0122
2028-07-29,Squaw Creek Reservoir,0.016
2028-07-30,Squaw Creek Reservoir,0.0074
2028-07-31,Squaw Creek Reservoir,0.0071
2028-08-01,Squaw Creek Reservoir,0.0071
2028-08-02,Squaw Creek Reservoir,0.0071
2028-08-03,Squaw Creek Reservoir,0.007
2028-08-04,Squaw Creek Reservoir,0.007
2028-08-05,Squaw Creek Reservoir,0.007
2028-08-06,Squaw Creek Reservoir,0.008
2028-08-07,Squaw Creek Reservoir,0.0072
2028-08-08,Squaw Creek Reservoir,0.011
2028-08-09,Squaw Creek Reservoir,0.0117
2028-08-10,Squaw Creek Reservoir,0.0074
2028-08-11,Squaw Creek Reservoir,0.0069
2028-08-12,Squaw Creek Reservoir,0.0139
2028-08-13,Squaw Creek Reservoir,0.0072
2028-08-14,Squaw Creek Reservoir,0.0066
2028-08-15,Squaw Creek Reservoir,0.0066
2028-08-16,Squaw Creek Reservoir,0.0065
2028-08-17,Squaw Creek Reservoir,0.0065
2028-08-18,Squaw Creek Reservoir,0.0065
2028-08-19,Squaw Creek Reservoir,0.0064
2028-08-20,Squaw Creek Reservoir,0.0064
2028-08-21,Squaw Creek Reservoir,0.0064
2028-08-22,Squaw Creek Reservoir,0.0064
2028-08-23,Squaw Creek Reservoir,0.0096
2028-08-24,Squaw Creek Reservoir,0.008
2028-08-25,Squaw Creek Reservoir,0.0062
2028-08-26,Squaw Creek Reservoir,0.0062
2028-08-27,Squaw Creek Reservoir,0.0061
2028-08-28,Squaw Creek Reservoir,0.0062
2028-08-29,Squaw Creek Reservoir,0.0063
2028-08-30,Squaw Creek Reservoir,0.0062
2028-08-31,Squaw Creek Reservoir,0.0077
2028-09-01,Squaw Creek Reservoir,0.0107
2028-09-02,Squaw Creek Reservoir,0.0059
2028-09-03,Squaw Creek Reservoir,0.0199
2028-09-04,Squaw Creek Reservoir,0.01
2028-09-05,Squaw Creek Reservoir,0.0062
2028-09-06,Squaw Creek Reservoir,0.0058
2028-09-07,Squaw Creek Reservoir,0.0057
2028-09-08,Squaw Creek Reservoir,0.0057
2028-09-09,Squaw Creek Reservoir,0.0057
2028-09-10,Squaw Creek Reservoir,0.0057
2028-09-11,Squaw Creek Reservoir,0.0056
2028-09-12,Squaw Creek Reservoir,0.0772
2028-09-13,Squaw Creek Reservoir,0.0177
2028-09-14,Squaw Creek Reservoir,0.0055
2028-09-15,Squaw Creek Reservoir,0.0055
2028-09-16,Squaw Creek Reservoir,0.0054
2028-09-17,Squaw Creek Reservoir,0.0122
2028-09-18,Squaw Creek Reservoir,0.0183
2028-09-19,Squaw Creek Reservoir,0.0055
2028-09-20,Squaw Creek Reservoir,0.0053
2028-09-21,Squaw Creek Reservoir,0.0053
2028-09-22,Squaw Creek Reservoir,0.016
2028-09-23,Squaw Creek Reservoir,0.0435
2028-09-24,Squaw Creek Reservoir,0.0141
2028-09-25,Squaw Creek Reservoir,0.0062
2028-09-26,Squaw Creek Reservoir,0.0056
2028-09-27,Squaw Creek Reservoir,0.0051
2028-09-28,Squaw Creek Reservoir,0.011
2028-09-29,Squaw Creek Reservoir,0.005
2028-09-30,Squaw Creek Reservoir,0.005
2028-10-01,Squaw Creek Reservoir,0.005
2028-10-02,Squaw Creek Reservoir,0.0049
2028-10-03,Squaw Creek Reservoir,0.0049
2028-10-04,Squaw Creek Reservoir,0.0049
2028-10-05,Squaw Creek Reservoir,0.0048
2028-10-06,Squaw Creek Reservoir,0.0048
2028-10-07,Squaw Creek Reservoir,0.0048
2028-10-08,Squaw Creek Reservoir,0.0048
2028-10-09,Squaw Creek Reservoir,0.0277
2028-10-10,Squaw Creek Reservoir,0.0049
2028-10-11,Squaw Creek Reservoir,0.0049
2028-10-12,Squaw Creek Reservoir,0.0476
2028-10-13,Squaw Creek Reservoir,0.0046
2028-10-14,Squaw Creek Reservoir,0.0046
2028-10-15,Squaw Creek Reservoir,0.0046
2028-10-16,Squaw Creek Reservoir,0.0351
2028-10-17,Squaw Creek Reservoir,0.0469
2028-10-18,Squaw Creek Reservoir,0.0045
2028-10-19,Squaw Creek Reservoir,0.0045
2028-10-20,Squaw Creek Reservoir,0.0112
2028-10-21,Squaw Creek Reservoir,0.0083
2028-10-22,Squaw Creek Reservoir,0.377
2028-10-23,Squaw Creek Reservoir,0.3275
2028-10-24,Squaw Creek Reservoir,0.0304
2028-10-25,Squaw Creek Reservoir,0.0763
2028-10-26,Squaw Creek Reservoir,0.0596
2028-10-27,Squaw Creek Reservoir,0.0464
2028-10-28,Squaw Creek Reservoir,0.0384
2028-10-29,Squaw Creek Reservoir,0.0322
2028-10-30,Squaw Creek Reservoir,0.028
2028-10-31,Squaw Creek Reservoir,0.0248
2028-11-01,Squaw Creek Reservoir,0.0222
2028-11-02,Squaw Creek Reservoir,0.0204
2028-11-03,Squaw Creek Reservoir,0.0186
2028-11-04,Squaw Creek Reservoir,0.0172
2028-11-05,Squaw Creek Reservoir,0.0198
2028-11-06,Squaw Creek Reservoir,0.0159
2028-11-07,Squaw Creek Reservoir,0.014
2028-11-08,Squaw Creek Reservoir,0.0133
2028-11-09,Squaw Creek Reservoir,0.0126
2028-11-10,Squaw Creek Reservoir,0.012
2028-11-11,Squaw Creek Reservoir,0.0114
2028-11-12,Squaw Creek Reservoir,0.011
2028-11-13,Squaw Creek Reservoir,0.0105
2028-11-14,Squaw Creek Reservoir,0.0101
2028-11-15,Squaw Creek Reservoir,0.0098
2028-11-16,Squaw Creek Reservoir,0.098
2028-11-17,Squaw Creek Reservoir,0.0091
2028-11-18,Squaw Creek Reservoir,0.0088
2028-11-19,Squaw Creek Reservoir,0.0085
2028-11-20,Squaw Creek Reservoir,0.0083
2028-11-21,Squaw Creek Reservoir,0.0247
2028-11-22,Squaw Creek Reservoir,0.0225
2028-11-23,Squaw Creek Reservoir,0.0077
2028-11-24,Squaw Creek Reservoir,0.0075
2028-11-25,Squaw Creek Reservoir,0.0074
2028-11-26,Squaw Creek Reservoir,0.0072
2028-11-27,Squaw Creek Reservoir,0.0071
2028-11-28,Squaw Creek Reservoir,0.007
2028-11-29,Squaw Creek Reservoir,0.0069
2028-11-30,Squaw Creek Reservoir,0.0068
2028-12-01,Squaw Creek Reservoir,0.0068
2028-12-02,Squaw Creek Reservoir,0.0067
2028-12-03,Squaw Creek Reservoir,0.0067
2028-12-04,Squaw Creek Reservoir,0.0066
2028-12-05,Squaw Creek Reservoir,0.0065
2028-12-06,Squaw Creek Reservoir,0.0064
2028-12-07,Squaw Creek Reservoir,0.0064
2028-12-08,Squaw Creek Reservoir,0.0064
2028-12-09,Squaw Creek Reservoir,0.0063
2028-12-10,Squaw Creek Reservoir,0.0063
2028-12-11,Squaw Creek Reservoir,0.0063
2028-12-12,Squaw Creek Reservoir,0.0063
2028-12-13,Squaw Creek Reservoir,0.0066
2028-12-14,Squaw Creek Reservoir,0.0062
2028-12-15,Squaw Creek Reservoir,0.0062
2028-12-16,Squaw Creek Reservoir,0.0064
2028-12-17,Squaw Creek Reservoir,0.047
2028-12-18,Squaw Creek Reservoir,0.0592
2028-12-19,Squaw Creek Reservoir,0.0062
2028-12-20,Squaw Creek Reservoir,0.0061
2028-12-21,Squaw Creek Reservoir,0.0061
2028-12-22,Squaw Creek Reservoir,0.0061
2028-12-23,Squaw Creek Reservoir,0.0061
2028-12-24,Squaw Creek Reservoir,0.0061
2028-12-25,Squaw Creek Reservoir,0.006
2028-12-26,Squaw Creek Reservoir,0.006
2028-12-27,Squaw Creek Reservoir,0.006
2028-12-28,Squaw Creek Reservoir,0.006
2028-12-29,Squaw Creek Reservoir,0.0059
2028-12-30,Squaw Creek Reservoir,0.0059
2028-12-31,Squaw Creek Reservoir,0.0068
2029-01-01,Squaw Creek Reservoir,0.081
2029-01-02,Squaw Creek Reservoir,0.0073
2029-01-03,Squaw Creek Reservoir,0.0082
2029-01-04,Squaw Creek Reservoir,0.0316
2029-01-05,Squaw Creek Reservoir,0.0065
2029-01-06,Squaw Creek Reservoir,0.0058
2029-01-07,Squaw Creek Reservoir,0.0057
2029-01-08,Squaw Creek Reservoir,0.0057
2029-01-09,Squaw Creek Reservoir,0.0057
2029-01-10,Squaw Creek Reservoir,0.0057
2029-01-11,Squaw Creek Reservoir,0.0056
2029-01-12,Squaw Creek Reservoir,0.0056
2029-01-13,Squaw Creek Reservoir,0.1945
2029-01-14,Squaw Creek Reservoir,0.0526
2029-01-15,Squaw Creek Reservoir,0.0278
2029-01-16,Squaw Creek Reservoir,0.0062
2029-01-17,Squaw Creek Reservoir,0.0059
2029-01-18,Squaw Creek Reservoir,0.0059
2029-01-19,Squaw Creek Reservoir,0.006
2029-01-20,Squaw Creek Reservoir,0.0061
2029-01-21,Squaw Creek Reservoir,0.0061
2029-01-22,Squaw Creek Reservoir,0.0327
2029-01-23,Squaw Creek Reservoir,0.0128
2029-01-24,Squaw Creek Reservoir,0.0069
2029-01-25,Squaw Creek Reservoir,0.0069
2029-01-26,Squaw Creek Reservoir,0.0069
2029-01-27,Squaw Creek Reservoir,0.0069
2029-01-28,Squaw Creek Reservoir,0.0069
2029-01-29,Squaw Creek Reservoir,0.0068
2029-01-30,Squaw Creek Reservoir,0.0069
2029-01-31,Squaw Creek Reservoir,0.0071
2029-02-01,Squaw Creek Reservoir,0.2274
2029-02-02,Squaw Creek Reservoir,0.0079
2029-02-03,Squaw Creek Reservoir,0.0084
2029-02-04,Squaw Creek Reservoir,0.0104
2029-02-05,Squaw Creek Reservoir,0.0125
2029-02-06,Squaw Creek Reservoir,0.0163
2029-02-07,Squaw Creek Reservoir,0.0174
2029-02-08,Squaw Creek Reservoir,0.0188
2029-02-09,Squaw Creek Reservoir,0.0504
2029-02-10,Squaw Creek Reservoir,0.1665
2029-02-11,Squaw Creek Reservoir,0.0342
2029-02-12,Squaw Creek Reservoir,0.0409
2029-02-13,Squaw Creek Reservoir,0.0508
2029-02-14,Squaw Creek Reservoir,0.0547
2029-02-15,Squaw Creek Reservoir,0.0378
2029-02-16,Squaw Creek Reservoir,0.0363
2029-02-17,Squaw Creek Reservoir,0.0341
2029-02-18,Squaw Creek Reservoir,0.0771
2029-02-19,Squaw Creek Reservoir,0.0313
2029-02-20,Squaw Creek Reservoir,0.0309
2029-02-21,Squaw Creek Reservoir,0.0296
2029-02-22,Squaw Creek Reservoir,0.0279
2029-02-23,Squaw Creek Reservoir,0.0264
2029-02-24,Squaw Creek Reservoir,0.0245
2029-02-25,Squaw Creek Reservoir,0.023
2029-02-26,Squaw Creek Reservoir,0.0215
2029-02-27,Squaw Creek Reservoir,0.0203
2029-02-28,Squaw Creek Reservoir,0.0194
2029-03-01,Squaw Creek Reservoir,0.0183
2029-03-02,Squaw Creek Reservoir,0.0175
2029-03-03,Squaw Creek Reservoir,0.0167
2029-03-04,Squaw Creek Reservoir,0.0159
2029-03-05,Squaw Creek Reservoir,0.0151
2029-03-06,Squaw Creek Reservoir,0.0144
2029-03-07,Squaw Creek Reservoir,0.0137
2029-03-08,Squaw Creek Reservoir,0.013
2029-03-09,Squaw Creek Reservoir,0.0125
2029-03-10,Squaw Creek Reservoir,0.012
2029-03-11,Squaw Creek Reservoir,0.0115
2029-03-12,Squaw Creek Reservoir,0.011
2029-03-13,Squaw Creek Reservoir,0.0106
2029-03-14,Squaw Creek Reservoir,0.0106
2029-03-15,Squaw Creek Reservoir,0.016
2029-03-16,Squaw Creek Reservoir,0.0097
2029-03-17,Squaw Creek Reservoir,0.0094
2029-03-18,Squaw Creek Reservoir,0.0092
2029-03-19,Squaw Creek Reservoir,0.009
2029-03-20,Squaw Creek Reservoir,0.0316
2029-03-21,Squaw Creek Reservoir,0.0292
2029-03-22,Squaw Creek Reservoir,0.0086
2029-03-23,Squaw Creek Reservoir,0.0085
2029-03-24,Squaw Creek Reservoir,0.0085
2029-03-25,Squaw Creek Reservoir,0.0083
2029-03-26,Squaw Creek Reservoir,0.0082
2029-03-27,Squaw Creek Reservoir,0.0082
2029-03-28,Squaw Creek Reservoir,0.0081
2029-03-29,Squaw Creek Reservoir,0.008
2029-03-30,Squaw Creek Reservoir,0.008
2029-03-31,Squaw Creek Reservoir,0.1018
2029-04-01,Squaw Creek Reservoir,0.0079
2029-04-02,Squaw Creek Reservoir,0.0079
2029-04-03,Squaw Creek Reservoir,0.0078
2029-04-04,Squaw Creek Reservoir,0.0078
2029-04-05,Squaw Creek Reservoir,0.0078
2029-04-06,Squaw Creek Reservoir,0.1553
2029-04-07,Squaw Creek Reservoir,0.0853
2029-04-08,Squaw Creek Reservoir,0.0078
2029-04-09,Squaw Creek Reservoir,0.0081
2029-04-10,Squaw Creek Reservoir,0.0083
2029-04-11,Squaw Creek Reservoir,0.0085
2029-04-12,Squaw Creek Reservoir,0.0086
2029-04-13,Squaw Creek Reservoir,0.0262
2029-04-14,Squaw Creek Reservoir,0.0085
2029-04-15,Squaw Creek Reservoir,0.0085
2029-04-16,Squaw Creek Reservoir,0.0148
2029-04-17,Squaw Creek Reservoir,0.0113
2029-04-18,Squaw Creek Reservoir,0.0084
2029-04-19,Squaw Creek Reservoir,0.0083
2029-04-20,Squaw Creek Reservoir,0.0083
2029-04-21,Squaw Creek Reservoir,0.0082
2029-04-22,Squaw Creek Reservoir,0.0081
2029-04-23,Squaw Creek Reservoir,0.0349
2029-04-24,Squaw Creek Reservoir,0.0079
2029-04-25,Squaw Creek Reservoir,0.0078
2029-04-26,Squaw Creek Reservoir,0.0078
2029-04-27,Squaw Creek Reservoir,0.0077
2029-04-28,Squaw Creek Reservoir,0.0085
2029-04-29,Squaw Creek Reservoir,0.0086
2029-04-30,Squaw Creek Reservoir,0.0076
2029-05-01,Squaw Creek Reservoir,0.0078
2029-05-02,Squaw Creek Reservoir,0.0079
2029-05-03,Squaw Creek Reservoir,0.0567
2029-05-04,Squaw Creek Reservoir,0.0081
2029-05-05,Squaw Creek Reservoir,0.0074
2029-05-06,Squaw Creek Reservoir,0.0074
2029-05-07,Squaw Creek Reservoir,0.0075
2029-05-08,Squaw Creek Reservoir,0.0078
2029-05-09,Squaw Creek Reservoir,0.0557
2029-05-10,Squaw Creek Reservoir,0.039
2029-05-11,Squaw Creek Reservoir,0.0072
2029-05-12,Squaw Creek Reservoir,0.0071
2029-05-13,Squaw Creek Reservoir,0.0088
2029-05-14,Squaw Creek Reservoir,0.1784
2029-05-15,Squaw Creek Reservoir,0.0738
2029-05-16,Squaw Creek Reservoir,0.0102
2029-05-17,Squaw Creek Reservoir,0.0284
2029-05-18,Squaw Creek Reservoir,0.0154
2029-05-19,Squaw Creek Reservoir,0.0083
2029-05-20,Squaw Creek Reservoir,0.0085
2029-05-21,Squaw Creek Reservoir,0.0091
2029-05-22,Squaw Creek Reservoir,0.0096
2029-05-23,Squaw Creek Reservoir,0.0097
2029-05-24,Squaw Creek Reservoir,0.0096
2029-05-25,Squaw Creek Reservoir,0.0096
2029-05-26,Squaw Creek Reservoir,0.2497
2029-05-27,Squaw Creek Reservoir,0.0148
2029-05-28,Squaw Creek Reservoir,0.0564
2029-05-29,Squaw Creek Reservoir,0.0425
2029-05-30,Squaw Creek Reservoir,0.0475
2029-05-31,Squaw Creek Reservoir,0.0304
2029-06-01,Squaw Creek Reservoir,0.0245
2029-06-02,Squaw Creek Reservoir,0.0226
2029-06-03,Squaw Creek Reservoir,0.0417
2029-06-04,Squaw Creek Reservoir,0.0192
2029-06-05,Squaw Creek Reservoir,0.0213
2029-06-06,Squaw Creek Reservoir,0.0797
2029-06-07,Squaw Creek Reservoir,0.0531
2029-06-08,Squaw Creek Reservoir,0.0824
2029-06-09,Squaw Creek Reservoir,0.0285
2029-06-10,Squaw Creek Reservoir,0.0347
2029-06-11,Squaw Creek Reservoir,0.0808
2029-06-12,Squaw Creek Reservoir,0.0675
2029-06-13,Squaw Creek Reservoir,0.2585
2029-06-14,Squaw Creek Reservoir,0.0922
2029-06-15,Squaw Creek Reservoir,0.069
2029-06-16,Squaw Creek Reservoir,0.0584
2029-06-17,Squaw Creek Reservoir,0.0486
2029-06-18,Squaw Creek Reservoir,0.041
2029-06-19,Squaw Creek Reservoir,0.0354
2029-06-20,Squaw Creek Reservoir,0.0309
2029-06-21,Squaw Creek Reservoir,0.0274
2029-06-22,Squaw Creek Reservoir,0.0353
2029-06-23,Squaw Creek Reservoir,0.0288
2029-06-24,Squaw Creek Reservoir,0.0286
2029-06-25,Squaw Creek Reservoir,0.0192
2029-06-26,Squaw Creek Reservoir,0.0192
2029-06-27,Squaw Creek Reservoir,0.0168
2029-06-28,Squaw Creek Reservoir,0.0158
2029-06-29,Squaw Creek Reservoir,0.015
2029-06-30,Squaw Creek Reservoir,0.0143
2029-07-01,Squaw Creek Reservoir,0.0138
2029-07-02,Squaw Creek Reservoir,0.0254
2029-07-03,Squaw Creek Reservoir,0.0157
2029-07-04,Squaw Creek Reservoir,0.0121
2029-07-05,Squaw Creek Reservoir,0.0126
2029-07-06,Squaw Creek Reservoir,0.0122
2029-07-07,Squaw Creek Reservoir,0.0223
2029-07-08,Squaw Creek Reservoir,0.015
2029-07-09,Squaw Creek Reservoir,0.0104
2029-07-10,Squaw Creek Reservoir,0.0101
2029-07-11,Squaw Creek Reservoir,0.0099
2029-07-12,Squaw Creek Reservoir,0.0128
2029-07-13,Squaw Creek Reservoir,0.0095
2029-07-14,Squaw Creek Reservoir,0.0092
2029-07-15,Squaw Creek Reservoir,0.0092
2029-07-16,Squaw Creek Reservoir,0.0107
2029-07-17,Squaw Creek Reservoir,0.0088
2029-07-18,Squaw Creek Reservoir,0.0097
2029-07-19,Squaw Creek Reservoir,0.0086
2029-07-20,Squaw Creek Reservoir,0.0088
2029-07-21,Squaw Creek Reservoir,0.0083
2029-07-22,Squaw Creek Reservoir,0.0083
2029-07-23,Squaw Creek Reservoir,0.01
2029-07-24,Squaw Creek Reservoir,0.1647
2029-07-25,Squaw Creek Reservoir,0.028
2029-07-26,Squaw Creek Reservoir,0.0115
2029-07-27,Squaw Creek Reservoir,0.0129
2029-07-28,Squaw Creek Reservoir,0.0125
2029-07-29,Squaw Creek Reservoir,0.012
2029-07-30,Squaw Creek Reservoir,0.0115
2029-07-31,Squaw Creek Reservoir,0.0111
2029-08-01,Squaw Creek Reservoir,0.0168
2029-08-02,Squaw Creek Reservoir,0.0849
2029-08-03,Squaw Creek Reservoir,0.0136
2029-08-04,Squaw Creek Reservoir,0.0144
2029-08-05,Squaw Creek Reservoir,0.0104
2029-08-06,Squaw Creek Reservoir,0.0113
2029-08-07,Squaw Creek Reservoir,0.0451
2029-08-08,Squaw Creek Reservoir,0.1059
2029-08-09,Squaw Creek Reservoir,0.0234
2029-08-10,Squaw Creek Reservoir,0.0173
2029-08-11,Squaw Creek Reservoir,0.0166
2029-08-12,Squaw Creek Reservoir,0.0159
2029-08-13,Squaw Creek Reservoir,0.015
2029-08-14,Squaw Creek Reservoir,0.0142
2029-08-15,Squaw Creek Reservoir,0.0135
2029-08-16,Squaw Creek Reservoir,0.0128
2029-08-17,Squaw Creek Reservoir,0.0123
2029-08-18,Squaw Creek Reservoir,0.0118
2029-08-19,Squaw Creek Reservoir,0.0113
2029-08-20,Squaw Creek Reservoir,0.0109
2029-08-21,Squaw Creek Reservoir,0.0112
2029-08-22,Squaw Creek Reservoir,0.0167
2029-08-23,Squaw Creek Reservoir,0.0213
2029-08-24,Squaw Creek Reservoir,0.0214
2029-08-25,Squaw Creek Reservoir,0.0116
2029-08-26,Squaw Creek Reservoir,0.0101
2029-08-27,Squaw Creek Reservoir,0.0122
2029-08-28,Squaw Creek Reservoir,0.0257
2029-08-29,Squaw Creek Reservoir,0.0085
2029-08-30,Squaw Creek Reservoir,0.0082
2029-08-31,Squaw Creek Reservoir,0.0097
2029-09-01,Squaw Creek Reservoir,0.0082
2029-09-02,Squaw Creek Reservoir,0.0092
2029-09-03,Squaw Creek Reservoir,0.0421
2029-09-04,Squaw Creek Reservoir,0.069
2029-09-05,Squaw Creek Reservoir,0.0082
2029-09-06,Squaw Creek Reservoir,0.0088
2029-09-07,Squaw Creek Reservoir,0.0088
2029-09-08,Squaw Creek Reservoir,0.0087
2029-09-09,Squaw Creek Reservoir,0.0085
2029-09-10,Squaw Creek Reservoir,0.0136
2029-09-11,Squaw Creek Reservoir,0.0091
2029-09-12,Squaw Creek Reservoir,0.0995
2029-09-13,Squaw Creek Reservoir,0.0083
2029-09-14,Squaw Creek Reservoir,0.0086
2029-09-15,Squaw Creek Reservoir,0.0085
2029-09-16,Squaw Creek Reservoir,0.0083
2029-09-17,Squaw Creek Reservoir,0.0082
2029-09-18,Squaw Creek Reservoir,0.008
2029-09-19,Squaw Creek Reservoir,0.0173
2029-09-20,Squaw Creek Reservoir,0.0077
2029-09-21,Squaw Creek Reservoir,0.0077
2029-09-22,Squaw Creek Reservoir,0.0076
2029-09-23,Squaw Creek Reservoir,0.0074
2029-09-24,Squaw Creek Reservoir,0.0074
2029-09-25,Squaw Creek Reservoir,0.0076
2029-09-26,Squaw Creek Reservoir,0.0075
2029-09-27,Squaw Creek Reservoir,0.0074
2029-09-28,Squaw Creek Reservoir,0.0133
2029-09-29,Squaw Creek Reservoir,0.007
2029-09-30,Squaw Creek Reservoir,0.013
2029-10-01,Squaw Creek Reservoir,0.0435
2029-10-02,Squaw Creek Reservoir,0.0131
2029-10-03,Squaw Creek Reservoir,0.008
2029-10-04,Squaw Creek Reservoir,0.0072
2029-10-05,Squaw Creek Reservoir,0.0102
2029-10-06,Squaw Creek Reservoir,0.0164
2029-10-07,Squaw Creek Reservoir,0.0066
2029-10-08,Squaw Creek Reservoir,0.0066
2029-10-09,Squaw Creek Reservoir,0.0065
2029-10-10,Squaw Creek Reservoir,0.0065
2029-10-11,Squaw Creek Reservoir,0.0065
2029-10-12,Squaw Creek Reservoir,0.0065
2029-10-13,Squaw Creek Reservoir,0.0064
2029-10-14,Squaw Creek Reservoir,0.0064
2029-10-15,Squaw Creek Reservoir,0.0064
2029-10-16,Squaw Creek Reservoir,0.0063
2029-10-17,Squaw Creek Reservoir,0.0063
2029-10-18,Squaw Creek Reservoir,0.0063
2029-10-19,Squaw Creek Reservoir,0.0062
2029-10-20,Squaw Creek Reservoir,0.0062
2029-10-21,Squaw Creek Reservoir,0.0062
2029-10-22,Squaw Creek Reservoir,0.0062
2029-10-23,Squaw Creek Reservoir,0.0061
2029-10-24,Squaw Creek Reservoir,0.0062
2029-10-25,Squaw Creek Reservoir,0.006
2029-10-26,Squaw Creek Reservoir,0.006
2029-10-27,Squaw Creek Reservoir,0.006
2029-10-28,Squaw Creek Reservoir,0.006
2029-10-29,Squaw Creek Reservoir,0.0092
2029-10-30,Squaw Creek Reservoir,0.0076
2029-10-31,Squaw Creek Reservoir,0.0059
2029-11-01,Squaw Creek Reservoir,0.0069
2029-11-02,Squaw Creek Reservoir,0.043
2029-11-03,Squaw Creek Reservoir,0.0069
2029-11-04,Squaw Creek Reservoir,0.0058
2029-11-05,Squaw Creek Reservoir,0.0057
2029-11-06,Squaw Creek Reservoir,0.0057
2029-11-07,Squaw Creek Reservoir,0.0056
2029-11-08,Squaw Creek Reservoir,0.0056
2029-11-09,Squaw Creek Reservoir,0.0056
2029-11-10,Squaw Creek Reservoir,0.0055
2029-11-11,Squaw Creek Reservoir,0.0474
2029-11-12,Squaw Creek Reservoir,0.0727
2029-11-13,Squaw Creek Reservoir,0.0062
2029-11-14,Squaw Creek Reservoir,0.0094
2029-11-15,Squaw Creek Reservoir,0.0213
2029-11-16,Squaw Creek Reservoir,0.0054
2029-11-17,Squaw Creek Reservoir,0.0054
2029-11-18,Squaw Creek Reservoir,0.0054
2029-11-19,Squaw Creek Reservoir,0.0249
2029-11-20,Squaw Creek Reservoir,0.0259
2029-11-21,Squaw Creek Reservoir,0.0072
2029-11-22,Squaw Creek Reservoir,0.0202
2029-11-23,Squaw Creek Reservoir,0.0054
2029-11-24,Squaw Creek Reservoir,0.0054
2029-11-25,Squaw Creek Reservoir,0.0054
2029-11-26,Squaw Creek Reservoir,0.0055
2029-11-27,Squaw Creek Reservoir,0.0274
2029-11-28,Squaw Creek Reservoir,0.1056
2029-11-29,Squaw Creek Reservoir,0.1405
2029-11-30,Squaw Creek Reservoir,0.0576
2029-12-01,Squaw Creek Reservoir,0.0403
2029-12-02,Squaw Creek Reservoir,0.027
2029-12-03,Squaw Creek Reservoir,0.0315
2029-12-04,Squaw Creek Reservoir,0.0298
2029-12-05,Squaw Creek Reservoir,0.0262
2029-12-06,Squaw Creek Reservoir,0.0234
2029-12-07,Squaw Creek Reservoir,0.0211
2029-12-08,Squaw Creek Reservoir,0.0192
2029-12-09,Squaw Creek Reservoir,0.0396
2029-12-10,Squaw Creek Reservoir,0.0184
2029-12-11,Squaw Creek Reservoir,0.0441
2029-12-12,Squaw Creek Reservoir,0.0613
2029-12-13,Squaw Creek Reservoir,0.017
2029-12-14,Squaw Creek Reservoir,0.0164
2029-12-15,Squaw Creek Reservoir,0.0257
2029-12-16,Squaw Creek Reservoir,0.139
2029-12-17,Squaw Creek Reservoir,0.0373
2029-12-18,Squaw Creek Reservoir,0.0331
2029-12-19,Squaw Creek Reservoir,0.0289
2029-12-20,Squaw Creek Reservoir,0.0259
2029-12-21,Squaw Creek Reservoir,0.0228
2029-12-22,Squaw Creek Reservoir,0.0206
2029-12-23,Squaw Creek Reservoir,0.0189
2029-12-24,Squaw Creek Reservoir,0.0174
2029-12-25,Squaw Creek Reservoir,0.0161
2029-12-26,Squaw Creek Reservoir,0.0153
2029-12-27,Squaw Creek Reservoir,0.0141
2029-12-28,Squaw Creek Reservoir,0.0134
2029-12-29,Squaw Creek Reservoir,0.0127
2029-12-30,Squaw Creek Reservoir,0.0125
2029-12-31,Squaw Creek Reservoir,0.0114
2030-01-01,Squaw Creek Reservoir,0.0109
2030-01-02,Squaw Creek Reservoir,0.0104
2030-01-03,Squaw Creek Reservoir,0.01
2030-01-04,Squaw Creek Reservoir,0.0096
2030-01-05,Squaw Creek Reservoir,0.0093
2030-01-06,Squaw Creek Reservoir,0.009
2030-01-07,Squaw Creek Reservoir,0.0087
2030-01-08,Squaw Creek Reservoir,0.0084
2030-01-09,Squaw Creek Reservoir,0.0081
2030-01-10,Squaw Creek Reservoir,0.0079
2030-01-11,Squaw Creek Reservoir,0.0077
2030-01-12,Squaw Creek Reservoir,0.0075
2030-01-13,Squaw Creek Reservoir,0.0073
2030-01-14,Squaw Creek Reservoir,0.0077
2030-01-15,Squaw Creek Reservoir,0.007
2030-01-16,Squaw Creek Reservoir,0.0072
2030-01-17,Squaw Creek Reservoir,0.0067
2030-01-18,Squaw Creek Reservoir,0.0066
2030-01-19,Squaw Creek Reservoir,0.0065
2030-01-20,Squaw Creek Reservoir,0.0064
2030-01-21,Squaw Creek Reservoir,0.0064
2030-01-22,Squaw Creek Reservoir,0.0063
2030-01-23,Squaw Creek Reservoir,0.0062
2030-01-24,Squaw Creek Reservoir,0.0062
2030-01-25,Squaw Creek Reservoir,0.0061
2030-01-26,Squaw Creek Reservoir,0.0142
2030-01-27,Squaw Creek Reservoir,0.006
2030-01-28,Squaw Creek Reservoir,0.006
2030-01-29,Squaw Creek Reservoir,0.006
2030-01-30,Squaw Creek Reservoir,0.0059
2030-01-31,Squaw Creek Reservoir,0.0106
2030-02-01,Squaw Creek Reservoir,0.0059
2030-02-02,Squaw Creek Reservoir,0.0059
2030-02-03,Squaw Creek Reservoir,0.0058
2030-02-04,Squaw Creek Reservoir,0.0058
2030-02-05,Squaw Creek Reservoir,0.0058
2030-02-06,Squaw Creek Reservoir,0.0058
2030-02-07,Squaw Creek Reservoir,0.0058
2030-02-08,Squaw Creek Reservoir,0.0057
2030-02-09,Squaw Creek Reservoir,0.0057
2030-02-10,Squaw Creek Reservoir,0.0057
2030-02-11,Squaw Creek Reservoir,0.0058
2030-02-12,Squaw Creek Reservoir,0.0062
2030-02-13,Squaw Creek Reservoir,0.0056
2030-02-14,Squaw Creek Reservoir,0.0061
2030-02-15,Squaw Creek Reservoir,0.0057
2030-02-16,Squaw Creek Reservoir,0.0057
2030-02-17,Squaw Creek Reservoir,0.0066
2030-02-18,Squaw Creek Reservoir,0.0624
2030-02-19,Squaw Creek Reservoir,0.0119
2030-02-20,Squaw Creek Reservoir,0.0054
2030-02-21,Squaw Creek Reservoir,0.0589
2030-02-22,Squaw Creek Reservoir,0.2366
2030-02-23,Squaw Creek Reservoir,0.0648
2030-02-24,Squaw Creek Reservoir,0.006
2030-02-25,Squaw Creek Reservoir,0.092
2030-02-26,Squaw Creek Reservoir,0.1122
2030-02-27,Squaw Creek Reservoir,0.0514
2030-02-28,Squaw Creek Reservoir,0.0788
2030-03-01,Squaw Creek Reservoir,0.0373
2030-03-02,Squaw Creek Reservoir,0.0333
2030-03-03,Squaw Creek Reservoir,0.029
2030-03-04,Squaw Creek Reservoir,0.0256
2030-03-05,Squaw Creek Reservoir,0.0229
2030-03-06,Squaw Creek Reservoir,0.0207
2030-03-07,Squaw Creek Reservoir,0.019
2030-03-08,Squaw Creek Reservoir,0.0175
2030-03-09,Squaw Creek Reservoir,0.0165
2030-03-10,Squaw Creek Reservoir,0.0152
2030-03-11,Squaw Creek Reservoir,0.022
2030-03-12,Squaw Creek Reservoir,0.0587
2030-03-13,Squaw Creek Reservoir,0.0408
2030-03-14,Squaw Creek Reservoir,0.0122
2030-03-15,Squaw Creek Reservoir,0.0696
2030-03-16,Squaw Creek Reservoir,0.0259
2030-03-17,Squaw Creek Reservoir,0.0109
2030-03-18,Squaw Creek Reservoir,0.0105
2030-03-19,Squaw Creek Reservoir,0.0102
2030-03-20,Squaw Creek Reservoir,0.0099
2030-03-21,Squaw Creek Reservoir,0.0096
2030-03-22,Squaw Creek Reservoir,0.0093
2030-03-23,Squaw Creek Reservoir,0.009
2030-03-24,Squaw Creek Reservoir,0.0088
2030-03-25,Squaw Creek Reservoir,0.0086
2030-03-26,Squaw Creek Reservoir,0.0084
2030-03-27,Squaw Creek Reservoir,0.0181
2030-03-28,Squaw Creek Reservoir,0.0459
2030-03-29,Squaw Creek Reservoir,0.0119
2030-03-30,Squaw Creek Reservoir,0.0277
2030-03-31,Squaw Creek Reservoir,0.0075
2030-04-01,Squaw Creek Reservoir,0.0074
2030-04-02,Squaw Creek Reservoir,0.0074
2030-04-03,Squaw Creek Reservoir,0.0073
2030-04-04,Squaw Creek Reservoir,0.0072
2030-04-05,Squaw Creek Reservoir,0.0072
2030-04-06,Squaw Creek Reservoir,0.0072
2030-04-07,Squaw Creek Reservoir,0.0088
2030-04-08,Squaw Creek Reservoir,0.0317
2030-04-09,Squaw Creek Reservoir,0.0078
2030-04-10,Squaw Creek Reservoir,0.0068
2030-04-11,Squaw Creek Reservoir,0.0068
2030-04-12,Squaw Creek Reservoir,0.0069
2030-04-13,Squaw Creek Reservoir,0.0516
2030-04-14,Squaw Creek Reservoir,0.0069
2030-04-15,Squaw Creek Reservoir,0.0067
2030-04-16,Squaw Creek Reservoir,0.0715
2030-04-17,Squaw Creek Reservoir,0.1186
2030-04-18,Squaw Creek Reservoir,0.0329
2030-04-19,Squaw Creek Reservoir,0.0067
2030-04-20,Squaw Creek Reservoir,0.0067
2030-04-21,Squaw Creek Reservoir,0.0343
2030-04-22,Squaw Creek Reservoir,0.1157
2030-04-23,Squaw Creek Reservoir,0.0252
2030-04-24,Squaw Creek Reservoir,0.0083
2030-04-25,Squaw Creek Reservoir,0.0088
2030-04-26,Squaw Creek Reservoir,0.0093
2030-04-27,Squaw Creek Reservoir,0.0354
2030-04-28,Squaw Creek Reservoir,0.0093
2030-04-29,Squaw Creek Reservoir,0.0102
2030-04-30,Squaw Creek Reservoir,0.0113
2030-05-01,Squaw Creek Reservoir,0.0118
2030-05-02,Squaw Creek Reservoir,0.0119
2030-05-03,Squaw Creek Reservoir,0.0123
2030-05-04,Squaw Creek Reservoir,0.0108
2030-05-05,Squaw Creek Reservoir,0.0123
2030-05-06,Squaw Creek Reservoir,0.011
2030-05-07,Squaw Creek Reservoir,0.0098
2030-05-08,Squaw Creek Reservoir,0.0092
2030-05-09,Squaw Creek Reservoir,0.0093
2030-05-10,Squaw Creek Reservoir,0.009
2030-05-11,Squaw Creek Reservoir,0.0084
2030-05-12,Squaw Creek Reservoir,0.0084
2030-05-13,Squaw Creek Reservoir,0.0312
2030-05-14,Squaw Creek Reservoir,0.0079
2030-05-15,Squaw Creek Reservoir,0.0102
2030-05-16,Squaw Creek Reservoir,0.0536
2030-05-17,Squaw Creek Reservoir,0.0205
2030-05-18,Squaw Creek Reservoir,0.0576
2030-05-19,Squaw Creek Reservoir,0.0159
2030-05-20,Squaw Creek Reservoir,0.0077
2030-05-21,Squaw Creek Reservoir,0.0074
2030-05-22,Squaw Creek Reservoir,0.0075
2030-05-23,Squaw Creek Reservoir,0.0074
2030-05-24,Squaw Creek Reservoir,0.0073
2030-05-25,Squaw Creek Reservoir,0.0075
2030-05-26,Squaw Creek Reservoir,0.0085
2030-05-27,Squaw Creek Reservoir,0.0074
2030-05-28,Squaw Creek Reservoir,0.0088
2030-05-29,Squaw Creek Reservoir,0.0082
2030-05-30,Squaw Creek Reservoir,0.009
2030-05-31,Squaw Creek Reservoir,0.0071
2030-06-01,Squaw Creek Reservoir,0.0074
2030-06-02,Squaw Creek Reservoir,0.0074
2030-06-03,Squaw Creek Reservoir,0.0073
2030-06-04,Squaw Creek Reservoir,0.007
2030-06-05,Squaw Creek Reservoir,0.0069
2030-06-06,Squaw Creek Reservoir,0.0069
2030-06-07,Squaw Creek Reservoir,0.0068
2030-06-08,Squaw Creek Reservoir,0.0068
2030-06-09,Squaw Creek Reservoir,0.0119
2030-06-10,Squaw Creek Reservoir,0.0073
2030-06-11,Squaw Creek Reservoir,0.0067
2030-06-12,Squaw Creek Reservoir,0.0067
2030-06-13,Squaw Creek Reservoir,0.0066
2030-06-14,Squaw Creek Reservoir,0.0335
2030-06-15,Squaw Creek Reservoir,0.0108
2030-06-16,Squaw Creek Reservoir,0.0076
2030-06-17,Squaw Creek Reservoir,0.0065
2030-06-18,Squaw Creek Reservoir,0.0064
2030-06-19,Squaw Creek Reservoir,0.0064
2030-06-20,Squaw Creek Reservoir,0.0064
2030-06-21,Squaw Creek Reservoir,0.0072
2030-06-22,Squaw Creek Reservoir,0.0063
2030-06-23,Squaw Creek Reservoir,0.0088
2030-06-24,Squaw Creek Reservoir,0.0342
2030-06-25,Squaw Creek Reservoir,0.008
2030-06-26,Squaw Creek Reservoir,0.007
2030-06-27,Squaw Creek Reservoir,0.0066
2030-06-28,Squaw Creek Reservoir,0.006
2030-06-29,Squaw Creek Reservoir,0.006
2030-06-30,Squaw Creek Reservoir,0.0354
2030-07-01,Squaw Creek Reservoir,0.0418
2030-07-02,Squaw Creek Reservoir,0.0135
2030-07-03,Squaw Creek Reservoir,0.0085
2030-07-04,Squaw Creek Reservoir,0.0062
2030-07-05,Squaw Creek Reservoir,0.0071
2030-07-06,Squaw Creek Reservoir,0.0075
2030-07-07,Squaw Creek Reservoir,0.0058
2030-07-08,Squaw Creek Reservoir,0.0065
2030-07-09,Squaw Creek Reservoir,0.0066
2030-07-10,Squaw Creek Reservoir,0.007
2030-07-11,Squaw Creek Reservoir,0.0068
2030-07-12,Squaw Creek Reservoir,0.0057
2030-07-13,Squaw Creek Reservoir,0.0094
2030-07-14,Squaw Creek Reservoir,0.0146
2030-07-15,Squaw Creek Reservoir,0.0074
2030-07-16,Squaw Creek Reservoir,0.0169
2030-07-17,Squaw Creek Reservoir,0.0058
2030-07-18,Squaw Creek Reservoir,0.007
2030-07-19,Squaw Creek Reservoir,0.049
2030-07-20,Squaw Creek Reservoir,0.0577
2030-07-21,Squaw Creek Reservoir,0.0096
2030-07-22,Squaw Creek Reservoir,0.0107
2030-07-23,Squaw Creek Reservoir,0.0072
2030-07-24,Squaw Creek Reservoir,0.0053
2030-07-25,Squaw Creek Reservoir,0.0053
2030-07-26,Squaw Creek Reservoir,0.0056
2030-07-27,Squaw Creek Reservoir,0.0054
2030-07-28,Squaw Creek Reservoir,0.0053
2030-07-29,Squaw Creek Reservoir,0.0053
2030-07-30,Squaw Creek Reservoir,0.0053
2030-07-31,Squaw Creek Reservoir,0.0053
2030-08-01,Squaw Creek Reservoir,0.0053
2030-08-02,Squaw Creek Reservoir,0.0053
2030-08-03,Squaw Creek Reservoir,0.0226
2030-08-04,Squaw Creek Reservoir,0.0067
2030-08-05,Squaw Creek Reservoir,0.0065
2030-08-06,Squaw Creek Reservoir,0.0317
2030-08-07,Squaw Creek Reservoir,0.0056
2030-08-08,Squaw Creek Reservoir,0.0054
2030-08-09,Squaw Creek Reservoir,0.0157
2030-08-10,Squaw Creek Reservoir,0.0052
2030-08-11,Squaw Creek Reservoir,0.0057
2030-08-12,Squaw Creek Reservoir,0.0062
2030-08-13,Squaw Creek Reservoir,0.0052
2030-08-14,Squaw Creek Reservoir,0.0052
2030-08-15,Squaw Creek Reservoir,0.0051
2030-08-16,Squaw Creek Reservoir,0.0051
2030-08-17,Squaw Creek Reservoir,0.0051
2030-08-18,Squaw Creek Reservoir,0.0051
2030-08-19,Squaw Creek Reservoir,0.0051
2030-08-20,Squaw Creek Reservoir,0.0051
2030-08-21,Squaw Creek Reservoir,0.006
2030-08-22,Squaw Creek Reservoir,0.0055
2030-08-23,Squaw Creek Reservoir,0.005
2030-08-24,Squaw Creek Reservoir,0.0085
2030-08-25,Squaw Creek Reservoir,0.0155
2030-08-26,Squaw Creek Reservoir,0.0049
2030-08-27,Squaw Creek Reservoir,0.005
2030-08-28,Squaw Creek Reservoir,0.0056
2030-08-29,Squaw Creek Reservoir,0.005
2030-08-30,Squaw Creek Reservoir,0.0165
2030-08-31,Squaw Creek Reservoir,0.0054
2030-09-01,Squaw Creek Reservoir,0.0056
2030-09-02,Squaw Creek Reservoir,0.0055
2030-09-03,Squaw Creek Reservoir,0.0102
2030-09-04,Squaw Creek Reservoir,0.0602
2030-09-05,Squaw Creek Reservoir,0.0048
2030-09-06,Squaw Creek Reservoir,0.0048
2030-09-07,Squaw Creek Reservoir,0.0047
2030-09-08,Squaw Creek Reservoir,0.0047
2030-09-09,Squaw Creek Reservoir,0.0046
2030-09-10,Squaw Creek Reservoir,0.0046
2030-09-11,Squaw Creek Reservoir,0.0046
2030-09-12,Squaw Creek Reservoir,0.005
2030-09-13,Squaw Creek Reservoir,0.0049
2030-09-14,Squaw Creek Reservoir,0.0049
2030-09-15,Squaw Creek Reservoir,0.0045
2030-09-16,Squaw Creek Reservoir,0.0103
2030-09-17,Squaw Creek Reservoir,0.0076
2030-09-18,Squaw Creek Reservoir,0.0044
2030-09-19,Squaw Creek Reservoir,0.0044
2030-09-20,Squaw Creek Reservoir,0.0044
2030-09-21,Squaw Creek Reservoir,0.0044
2030-09-22,Squaw Creek Reservoir,0.0044
2030-09-23,Squaw Creek Reservoir,0.0043
2030-09-24,Squaw Creek Reservoir,0.0043
2030-09-25,Squaw Creek Reservoir,0.0043
2030-09-26,Squaw Creek Reservoir,0.0043
2030-09-27,Squaw Creek Reservoir,0.0042
2030-09-28,Squaw Creek Reservoir,0.0043
2030-09-29,Squaw Creek Reservoir,0.0042
2030-09-30,Squaw Creek Reservoir,0.0042
2030-10-01,Squaw Creek Reservoir,0.0042
2030-10-02,Squaw Creek Reservoir,0.0041
2030-10-03,Squaw Creek Reservoir,0.0041
2030-10-04,Squaw Creek Reservoir,0.0041
2030-10-05,Squaw Creek Reservoir,0.0044
2030-10-06,Squaw Creek Reservoir,0.1477
2030-10-07,Squaw Creek Reservoir,0.004
2030-10-08,Squaw Creek Reservoir,0.004
2030-10-09,Squaw Creek Reservoir,0.004
2030-10-10,Squaw Creek Reservoir,0.004
2030-10-11,Squaw Creek Reservoir,0.004
2030-10-12,Squaw Creek Reservoir,0.004
2030-10-13,Squaw Creek Reservoir,0.004
2030-10-14,Squaw Creek Reservoir,0.004
2030-10-15,Squaw Creek Reservoir,0.0039
2030-10-16,Squaw Creek Reservoir,0.0039
2030-10-17,Squaw Creek Reservoir,0.0079
2030-10-18,Squaw Creek Reservoir,0.0039
2030-10-19,Squaw Creek Reservoir,0.0039
2030-10-20,Squaw Creek Reservoir,0.0039
2030-10-21,Squaw Creek Reservoir,0.0039
2030-10-22,Squaw Creek Reservoir,0.0038
2030-10-23,Squaw Creek Reservoir,0.0038
2030-10-24,Squaw Creek Reservoir,0.0038
2030-10-25,Squaw Creek Reservoir,0.0039
2030-10-26,Squaw Creek Reservoir,0.0038
2030-10-27,Squaw Creek Reservoir,0.0038
2030-10-28,Squaw Creek Reservoir,0.0038
2030-10-29,Squaw Creek Reservoir,0.0038
2030-10-30,Squaw Creek Reservoir,0.0037
2030-10-31,Squaw Creek Reservoir,0.0037
2030-11-01,Squaw Creek Reservoir,0.0037
2030-11-02,Squaw Creek Reservoir,0.0037
2030-11-03,Squaw Creek Reservoir,0.0037
2030-11-04,Squaw Creek Reservoir,0.0037
2030-11-05,Squaw Creek Reservoir,0.0039
2030-11-06,Squaw Creek Reservoir,0.0036
2030-11-07,Squaw Creek Reservoir,0.0036
2030-11-08,Squaw Creek Reservoir,0.0037
2030-11-09,Squaw Creek Reservoir,0.004
2030-11-10,Squaw Creek Reservoir,0.0036
2030-11-11,Squaw Creek Reservoir,0.0689
2030-11-12,Squaw Creek Reservoir,0.0055
2030-11-13,Squaw Creek Reservoir,0.0035
2030-11-14,Squaw Creek Reservoir,0.0035
2030-11-15,Squaw Creek Reservoir,0.0035
2030-11-16,Squaw Creek Reservoir,0.0035
2030-11-17,Squaw Creek Reservoir,0.0034
2030-11-18,Squaw Creek Reservoir,0.0034
2030-11-19,Squaw Creek Reservoir,0.0034
2030-11-20,Squaw Creek Reservoir,0.0034
2030-11-21,Squaw Creek Reservoir,0.0034
2030-11-22,Squaw Creek Reservoir,0.0034
2030-11-23,Squaw Creek Reservoir,0.0034
2030-11-24,Squaw Creek Reservoir,0.0035
2030-11-25,Squaw Creek Reservoir,0.0099
2030-11-26,Squaw Creek Reservoir,0.0199
2030-11-27,Squaw Creek Reservoir,0.0034
2030-11-28,Squaw Creek Reservoir,0.0033
2030-11-29,Squaw Creek Reservoir,0.0033
2030-11-30,Squaw Creek Reservoir,0.0035
2030-12-01,Squaw Creek Reservoir,0.0034
2030-12-02,Squaw Creek Reservoir,0.0032
2030-12-03,Squaw Creek Reservoir,0.0032
2030-12-04,Squaw Creek Reservoir,0.0032
2030-12-05,Squaw Creek Reservoir,0.0032
2030-12-06,Squaw Creek Reservoir,0.0032
2030-12-07,Squaw Creek Reservoir,0.0031
2030-12-08,Squaw Creek Reservoir,0.0031
2030-12-09,Squaw Creek Reservoir,0.0031
2030-12-10,Squaw Creek Reservoir,0.0031
2030-12-11,Squaw Creek Reservoir,0.0031
2030-12-12,Squaw Creek Reservoir,0.0031
2030-12-13,Squaw Creek Reservoir,0.0031
2030-12-14,Squaw Creek Reservoir,0.003
2030-12-15,Squaw Creek Reservoir,0.003
2030-12-16,Squaw Creek Reservoir,0.003
2030-12-17,Squaw Creek Reservoir,0.003
2030-12-18,Squaw Creek Reservoir,0.003
2030-12-19,Squaw Creek Reservoir,0.0335
2030-12-20,Squaw Creek Reservoir,0.003
2030-12-21,Squaw Creek Reservoir,0.003
2030-12-22,Squaw Creek Reservoir,0.0029
2030-12-23,Squaw Creek Reservoir,0.0029
2030-12-24,Squaw Creek Reservoir,0.0029
2030-12-25,Squaw Creek Reservoir,0.0029
2030-12-26,Squaw Creek Reservoir,0.0029
2030-12-27,Squaw Creek Reservoir,0.0028
2030-12-28,Squaw Creek Reservoir,0.0114
2030-12-29,Squaw Creek Reservoir,0.003
2030-12-30,Squaw Creek Reservoir,0.0029
2030-12-31,Squaw Creek Reservoir,0.0036
2031-01-01,Squaw Creek Reservoir,0.004
2031-01-02,Squaw Creek Reservoir,0.0041
2031-01-03,Squaw Creek Reservoir,0.0028
2031-01-04,Squaw Creek Reservoir,0.0027
2031-01-05,Squaw Creek Reservoir,0.0084
2031-01-06,Squaw Creek Reservoir,0.0033
2031-01-07,Squaw Creek Reservoir,0.0027
2031-01-08,Squaw Creek Reservoir,0.0027
2031-01-09,Squaw Creek Reservoir,0.0027
2031-01-10,Squaw Creek Reservoir,0.0026
2031-01-11,Squaw Creek Reservoir,0.0026
2031-01-12,Squaw Creek Reservoir,0.0026
2031-01-13,Squaw Creek Reservoir,0.0026
2031-01-14,Squaw Creek Reservoir,0.0026
2031-01-15,Squaw Creek Reservoir,0.0026
2031-01-16,Squaw Creek Reservoir,0.0026
2031-01-17,Squaw Creek Reservoir,0.0026
2031-01-18,Squaw Creek Reservoir,0.0026
2031-01-19,Squaw Creek Reservoir,0.0054
2031-01-20,Squaw Creek Reservoir,0.011
2031-01-21,Squaw Creek Reservoir,0.0025
2031-01-22,Squaw Creek Reservoir,0.0025
2031-01-23,Squaw Creek Reservoir,0.0025
2031-01-24,Squaw Creek Reservoir,0.0025
2031-01-25,Squaw Creek Reservoir,0.0025
2031-01-26,Squaw Creek Reservoir,0.0024
2031-01-27,Squaw Creek Reservoir,0.0024
2031-01-28,Squaw Creek Reservoir,0.0025
2031-01-29,Squaw Creek Reservoir,0.0024
2031-01-30,Squaw Creek Reservoir,0.0028
2031-01-31,Squaw Creek Reservoir,0.011
2031-02-01,Squaw Creek Reservoir,0.0024
2031-02-02,Squaw Creek Reservoir,0.0024
2031-02-03,Squaw Creek Reservoir,0.0024
2031-02-04,Squaw Creek Reservoir,0.0052
2031-02-05,Squaw Creek Reservoir,0.0026
2031-02-06,Squaw Creek Reservoir,0.0023
2031-02-07,Squaw Creek Reservoir,0.0028
2031-02-08,Squaw Creek Reservoir,0.1572
2031-02-09,Squaw Creek Reservoir,0.0772
2031-02-10,Squaw Creek Reservoir,0.0028
2031-02-11,Squaw Creek Reservoir,0.0033
2031-02-12,Squaw Creek Reservoir,0.0025
2031-02-13,Squaw Creek Reservoir,0.0024
2031-02-14,Squaw Creek Reservoir,0.0024
2031-02-15,Squaw Creek Reservoir,0.0279
2031-02-16,Squaw Creek Reservoir,0.1753
2031-02-17,Squaw Creek Reservoir,0.0062
2031-02-18,Squaw Creek Reservoir,0.0395
2031-02-19,Squaw Creek Reservoir,0.003
2031-02-20,Squaw Creek Reservoir,0.0032
2031-02-21,Squaw Creek Reservoir,0.0038
2031-02-22,Squaw Creek Reservoir,0.0035
2031-02-23,Squaw Creek Reservoir,0.0331
2031-02-24,Squaw Creek Reservoir,0.0039
2031-02-25,Squaw Creek Reservoir,0.0039
2031-02-26,Squaw Creek Reservoir,0.004
2031-02-27,Squaw Creek Reservoir,0.0041
2031-02-28,Squaw Creek Reservoir,0.0042
2031-03-01,Squaw Creek Reservoir,0.0043
2031-03-02,Squaw Creek Reservoir,0.0043
2031-03-03,Squaw Creek Reservoir,0.0044
2031-03-04,Squaw Creek Reservoir,0.0045
2031-03-05,Squaw Creek Reservoir,0.0045
2031-03-06,Squaw Creek Reservoir,0.0072
2031-03-07,Squaw Creek Reservoir,0.0137
2031-03-08,Squaw Creek Reservoir,0.0109
2031-03-09,Squaw Creek Reservoir,0.0047
2031-03-10,Squaw Creek Reservoir,0.0047
2031-03-11,Squaw Creek Reservoir,0.0047
2031-03-12,Squaw Creek Reservoir,0.0047
2031-03-13,Squaw Creek Reservoir,0.0093
2031-03-14,Squaw Creek Reservoir,0.0048
2031-03-15,Squaw Creek Reservoir,0.0048
2031-03-16,Squaw Creek Reservoir,0.0081
2031-03-17,Squaw Creek Reservoir,0.0048
2031-03-18,Squaw Creek Reservoir,0.0048
2031-03-19,Squaw Creek Reservoir,0.0048
2031-03-20,Squaw Creek Reservoir,0.0048
2031-03-21,Squaw Creek Reservoir,0.0048
2031-03-22,Squaw Creek Reservoir,0.0048
2031-03-23,Squaw Creek Reservoir,0.0923
2031-03-24,Squaw Creek Reservoir,0.0051
2031-03-25,Squaw Creek Reservoir,0.0048
2031-03-26,Squaw Creek Reservoir,0.0048
2031-03-27,Squaw Creek Reservoir,0.0052
2031-03-28,Squaw Creek Reservoir,0.0048
2031-03-29,Squaw Creek Reservoir,0.0048
2031-03-30,Squaw Creek Reservoir,0.0048
2031-03-31,Squaw Creek Reservoir,0.0076
2031-04-01,Squaw Creek Reservoir,0.0155
2031-04-02,Squaw Creek Reservoir,0.0048
2031-04-03,Squaw Creek Reservoir,0.0054
2031-04-04,Squaw Creek Reservoir,0.0056
2031-04-05,Squaw Creek Reservoir,0.0847
2031-04-06,Squaw Creek Reservoir,0.0095
2031-04-07,Squaw Creek Reservoir,0.0166
2031-04-08,Squaw Creek Reservoir,0.058
2031-04-09,Squaw Creek Reservoir,0.0047
2031-04-10,Squaw Creek Reservoir,0.0048
2031-04-11,Squaw Creek Reservoir,0.0047
2031-04-12,Squaw Creek Reservoir,0.0048
2031-04-13,Squaw Creek Reservoir,0.0047
2031-04-14,Squaw Creek Reservoir,0.0047
2031-04-15,Squaw Creek Reservoir,0.0048
2031-04-16,Squaw Creek Reservoir,0.0048
2031-04-17,Squaw Creek Reservoir,0.0049
2031-04-18,Squaw Creek Reservoir,0.091
2031-04-19,Squaw Creek Reservoir,0.0054
2031-04-20,Squaw Creek Reservoir,0.0048
2031-04-21,Squaw Creek Reservoir,0.0048
2031-04-22,Squaw Creek Reservoir,0.0048
2031-04-23,Squaw Creek Reservoir,0.0048
2031-04-24,Squaw Creek Reservoir,0.0048
2031-04-25,Squaw Creek Reservoir,0.0047
2031-04-26,Squaw Creek Reservoir,0.0047
2031-04-27,Squaw Creek Reservoir,0.0048
2031-04-28,Squaw Creek Reservoir,0.005
2031-04-29,Squaw Creek Reservoir,0.0052
2031-04-30,Squaw Creek Reservoir,0.0074
2031-05-01,Squaw Creek Reservoir,0.0048
2031-05-02,Squaw Creek Reservoir,0.0277
2031-05-03,Squaw Creek Reservoir,0.0085
2031-05-04,Squaw Creek Reservoir,0.005
2031-05-05,Squaw Creek Reservoir,0.0046
2031-05-06,Squaw Creek Reservoir,0.0049
2031-05-07,Squaw Creek Reservoir,0.1568
2031-05-08,Squaw Creek Reservoir,0.0056
2031-05-09,Squaw Creek Reservoir,0.0046
2031-05-10,Squaw Creek Reservoir,0.0046
2031-05-11,Squaw Creek Reservoir,0.0046
2031-05-12,Squaw Creek Reservoir,0.0045
2031-05-13,Squaw Creek Reservoir,0.0434
2031-05-14,Squaw Creek Reservoir,0.0338
2031-05-15,Squaw Creek Reservoir,0.0047
2031-05-16,Squaw Creek Reservoir,0.0045
2031-05-17,Squaw Creek Reservoir,0.0048
2031-05-18,Squaw Creek Reservoir,0.0045
2031-05-19,Squaw Creek Reservoir,0.0051
2031-05-20,Squaw Creek Reservoir,0.0045
2031-05-21,Squaw Creek Reservoir,0.0044
2031-05-22,Squaw Creek Reservoir,0.0044
2031-05-23,Squaw Creek Reservoir,0.0044
2031-05-24,Squaw Creek Reservoir,0.0044
2031-05-25,Squaw Creek Reservoir,0.0044
2031-05-26,Squaw Creek Reservoir,0.0044
2031-05-27,Squaw Creek Reservoir,0.0044
2031-05-28,Squaw Creek Reservoir,0.0044
2031-05-29,Squaw Creek Reservoir,0.0046
2031-05-30,Squaw Creek Reservoir,0.0053
2031-05-31,Squaw Creek Reservoir,0.0044
2031-06-01,Squaw Creek Reservoir,0.0043
2031-06-02,Squaw Creek Reservoir,0.0043
2031-06-03,Squaw Creek Reservoir,0.0042
2031-06-04,Squaw Creek Reservoir,0.0053
2031-06-05,Squaw Creek Reservoir,0.0042
2031-06-06,Squaw Creek Reservoir,0.0069
2031-06-07,Squaw Creek Reservoir,0.0157
2031-06-08,Squaw Creek Reservoir,0.0048
2031-06-09,Squaw Creek Reservoir,0.0042
2031-06-10,Squaw Creek Reservoir,0.0041
2031-06-11,Squaw Creek Reservoir,0.0062
2031-06-12,Squaw Creek Reservoir,0.0043
2031-06-13,Squaw Creek Reservoir,0.0044
2031-06-14,Squaw Creek Reservoir,0.004
2031-06-15,Squaw Creek Reservoir,0.0051
2031-06-16,Squaw Creek Reservoir,0.004
2031-06-17,Squaw Creek Reservoir,0.004
2031-06-18,Squaw Creek Reservoir,0.004
2031-06-19,Squaw Creek Reservoir,0.0039
2031-06-20,Squaw Creek Reservoir,0.0039
2031-06-21,Squaw Creek Reservoir,0.0039
2031-06-22,Squaw Creek Reservoir,0.0039
2031-06-23,Squaw Creek Reservoir,0.0039
2031-06-24,Squaw Creek Reservoir,0.0038
2031-06-25,Squaw Creek Reservoir,0.0038
2031-06-26,Squaw Creek Reservoir,0.0041
2031-06-27,Squaw Creek Reservoir,0.0038
2031-06-28,Squaw Creek Reservoir,0.0038
2031-06-29,Squaw Creek Reservoir,0.0037
2031-06-30,Squaw Creek Reservoir,0.0037
2031-07-01,Squaw Creek Reservoir,0.0037
2031-07-02,Squaw Creek Reservoir,0.0037
2031-07-03,Squaw Creek Reservoir,0.0036
2031-07-04,Squaw Creek Reservoir,0.0036
2031-07-05,Squaw Creek Reservoir,0.0036
2031-07-06,Squaw Creek Reservoir,0.0036
2031-07-07,Squaw Creek Reservoir,0.0036
2031-07-08,Squaw Creek Reservoir,0.0036
2031-07-09,Squaw Creek Reservoir,0.0035
2031-07-10,Squaw Creek Reservoir,0.0035
2031-07-11,Squaw Creek Reservoir,0.0035
2031-07-12,Squaw Creek Reservoir,0.0035
2031-07-13,Squaw Creek Reservoir,0.0034
2031-07-14,Squaw Creek Reservoir,0.0034
2031-07-15,Squaw Creek Reservoir,0.0034
2031-07-16,Squaw Creek Reservoir,0.0034
2031-07-17,Squaw Creek Reservoir,0.0034
2031-07-18,Squaw Creek Reservoir,0.0034
2031-07-19,Squaw Creek Reservoir,0.0033
2031-07-20,Squaw Creek Reservoir,0.0033
2031-07-21,Squaw Creek Reservoir,0.0033
2031-07-22,Squaw Creek Reservoir,0.0033
2031-07-23,Squaw Creek Reservoir,0.0032
2031-07-24,Squaw Creek Reservoir,0.0032
2031-07-25,Squaw Creek Reservoir,0.0032
2031-07-26,Squaw Creek Reservoir,0.0032
2031-07-27,Squaw Creek Reservoir,0.0032
2031-07-28,Squaw Creek Reservoir,0.0032
2031-07-29,Squaw Creek Reservoir,0.0031
2031-07-30,Squaw Creek Reservoir,0.0031
2031-07-31,Squaw Creek Reservoir,0.0031
2031-08-01,Squaw Creek Reservoir,0.004
2031-08-02,Squaw Creek Reservoir,0.0064
2031-08-03,Squaw Creek Reservoir,0.0048
2031-08-04,Squaw Creek Reservoir,0.0059
2031-08-05,Squaw Creek Reservoir,0.003
2031-08-06,Squaw Creek Reservoir,0.003
2031-08-07,Squaw Creek Reservoir,0.0624
2031-08-08,Squaw Creek Reservoir,0.0066
2031-08-09,Squaw Creek Reservoir,0.0047
2031-08-10,Squaw Creek Reservoir,0.0041
2031-08-11,Squaw Creek Reservoir,0.0031
2031-08-12,Squaw Creek Reservoir,0.003
2031-08-13,Squaw Creek Reservoir,0.0054
2031-08-14,Squaw Creek Reservoir,0.0466
2031-08-15,Squaw Creek Reservoir,0.003
2031-08-16,Squaw Creek Reservoir,0.0029
2031-08-17,Squaw Creek Reservoir,0.0028
2031-08-18,Squaw Creek Reservoir,0.0028
2031-08-19,Squaw Creek Reservoir,0.0028
2031-08-20,Squaw Creek Reservoir,0.0028
2031-08-21,Squaw Creek Reservoir,0.0029
2031-08-22,Squaw Creek Reservoir,0.0027
2031-08-23,Squaw Creek Reservoir,0.0027
2031-08-24,Squaw Creek Reservoir,0.0027
2031-08-25,Squaw Creek Reservoir,0.0027
2031-08-26,Squaw Creek Reservoir,0.0027
2031-08-27,Squaw Creek Reservoir,0.0031
2031-08-28,Squaw Creek Reservoir,0.0026
2031-08-29,Squaw Creek Reservoir,0.0028
2031-08-30,Squaw Creek Reservoir,0.0036
2031-08-31,Squaw Creek Reservoir,0.0033
2031-09-01,Squaw Creek Reservoir,0.003
2031-09-02,Squaw Creek Reservoir,0.01
2031-09-03,Squaw Creek Reservoir,0.0026
2031-09-04,Squaw Creek Reservoir,0.0026
2031-09-05,Squaw Creek Reservoir,0.0026
2031-09-06,Squaw Creek Reservoir,0.0046
2031-09-07,Squaw Creek Reservoir,0.0025
2031-09-08,Squaw Creek Reservoir,0.0026
2031-09-09,Squaw Creek Reservoir,0.0025
2031-09-10,Squaw Creek Reservoir,0.0025
2031-09-11,Squaw Creek Reservoir,0.0024
2031-09-12,Squaw Creek Reservoir,0.0024
2031-09-13,Squaw Creek Reservoir,0.0024
2031-09-14,Squaw Creek Reservoir,0.0024
2031-09-15,Squaw Creek Reservoir,0.0024
2031-09-16,Squaw Creek Reservoir,0.0024
2031-09-17,Squaw Creek Reservoir,0.0024
2031-09-18,Squaw Creek Reservoir,0.005
2031-09-19,Squaw Creek Reservoir,0.0023
2031-09-20,Squaw Creek Reservoir,0.0032
2031-09-21,Squaw Creek Reservoir,0.0028
2031-09-22,Squaw Creek Reservoir,0.0753
2031-09-23,Squaw Creek Reservoir,0.0105
2031-09-24,Squaw Creek Reservoir,0.0023
2031-09-25,Squaw Creek Reservoir,0.0023
2031-09-26,Squaw Creek Reservoir,0.0022
2031-09-27,Squaw Creek Reservoir,0.0023
2031-09-28,Squaw Creek Reservoir,0.0023
2031-09-29,Squaw Creek Reservoir,0.0024
2031-09-30,Squaw Creek Reservoir,0.1316
2031-10-01,Squaw Creek Reservoir,0.0029
2031-10-02,Squaw Creek Reservoir,0.0022
2031-10-03,Squaw Creek Reservoir,0.0022
2031-10-04,Squaw Creek Reservoir,0.0022
2031-10-05,Squaw Creek Reservoir,0.0022
2031-10-06,Squaw Creek Reservoir,0.0022
2031-10-07,Squaw Creek Reservoir,0.0022
2031-10-08,Squaw Creek Reservoir,0.0022
2031-10-09,Squaw Creek Reservoir,0.0022
2031-10-10,Squaw Creek Reservoir,0.0022
2031-10-11,Squaw Creek Reservoir,0.0208
2031-10-12,Squaw Creek Reservoir,0.0022
2031-10-13,Squaw Creek Reservoir,0.0022
2031-10-14,Squaw Creek Reservoir,0.0022
2031-10-15,Squaw Creek Reservoir,0.0022
2031-10-16,Squaw Creek Reservoir,0.0022
2031-10-17,Squaw Creek Reservoir,0.0022
2031-10-18,Squaw Creek Reservoir,0.0022
2031-10-19,Squaw Creek Reservoir,0.0022
2031-10-20,Squaw Creek Reservoir,0.0022
2031-10-21,Squaw Creek Reservoir,0.0022
2031-10-22,Squaw Creek Reservoir,0.0022
2031-10-23,Squaw Creek Reservoir,0.0022
2031-10-24,Squaw Creek Reservoir,0.0022
2031-10-25,Squaw Creek Reservoir,0.0022
2031-10-26,Squaw Creek Reservoir,0.0021
2031-10-27,Squaw Creek Reservoir,0.0021
2031-10-28,Squaw Creek Reservoir,0.0022
2031-10-29,Squaw Creek Reservoir,0.011
2031-10-30,Squaw Creek Reservoir,0.0021
2031-10-31,Squaw Creek Reservoir,0.0021
2031-11-01,Squaw Creek Reservoir,0.0021
2031-11-02,Squaw Creek Reservoir,0.0021
2031-11-03,Squaw Creek Reservoir,0.0021
2031-11-04,Squaw Creek Reservoir,0.0021
2031-11-05,Squaw Creek Reservoir,0.0021
2031-11-06,Squaw Creek Reservoir,0.0021
2031-11-07,Squaw Creek Reservoir,0.0021
2031-11-08,Squaw Creek Reservoir,0.0021
2031-11-09,Squaw Creek Reservoir,0.0021
2031-11-10,Squaw Creek Reservoir,0.0021
2031-11-11,Squaw Creek Reservoir,0.0021
2031-11-12,Squaw Creek Reservoir,0.0035
2031-11-13,Squaw Creek Reservoir,0.002
2031-11-14,Squaw Creek Reservoir,0.0041
2031-11-15,Squaw Creek Reservoir,0.002
2031-11-16,Squaw Creek Reservoir,0.002
2031-11-17,Squaw Creek Reservoir,0.002
2031-11-18,Squaw Creek Reservoir,0.002
2031-11-19,Squaw Creek Reservoir,0.002
2031-11-20,Squaw Creek Reservoir,0.049
2031-11-21,Squaw Creek Reservoir,0.0055
2031-11-22,Squaw Creek Reservoir,0.002
2031-11-23,Squaw Creek Reservoir,0.002
2031-11-24,Squaw Creek Reservoir,0.002
2031-11-25,Squaw Creek Reservoir,0.002
2031-11-26,Squaw Creek Reservoir,0.002
2031-11-27,Squaw Creek Reservoir,0.005
2031-11-28,Squaw Creek Reservoir,0.0019
2031-11-29,Squaw Creek Reservoir,0.0019
2031-11-30,Squaw Creek Reservoir,0.0019
2031-12-01,Squaw Creek Reservoir,0.0019
2031-12-02,Squaw Creek Reservoir,0.0019
2031-12-03,Squaw Creek Reservoir,0.0019
2031-12-04,Squaw Creek Reservoir,0.0019
2031-12-05,Squaw Creek Reservoir,0.0027
2031-12-06,Squaw Creek Reservoir,0.0019
2031-12-07,Squaw Creek Reservoir,0.0019
2031-12-08,Squaw Creek Reservoir,0.0019
2031-12-09,Squaw Creek Reservoir,0.0019
2031-12-10,Squaw Creek Reservoir,0.0019
2031-12-11,Squaw Creek Reservoir,0.0019
2031-12-12,Squaw Creek Reservoir,0.0018
2031-12-13,Squaw Creek Reservoir,0.0018
2031-12-14,Squaw Creek Reservoir,0.0018
2031-12-15,Squaw Creek Reservoir,0.0061
2031-12-16,Squaw Creek Reservoir,0.018
2031-12-17,Squaw Creek Reservoir,0.0018
2031-12-18,Squaw Creek Reservoir,0.0018
2031-12-19,Squaw Creek Reservoir,0.0018
2031-12-20,Squaw Creek Reservoir,0.0018
2031-12-21,Squaw Creek Reservoir,0.0018
2031-12-22,Squaw Creek Reservoir,0.0018
2031-12-23,Squaw Creek Reservoir,0.0018
2031-12-24,Squaw Creek Reservoir,0.0018
2031-12-25,Squaw Creek Reservoir,0.0018
2031-12-26,Squaw Creek Reservoir,0.0018
2031-12-27,Squaw Creek Reservoir,0.0017
2031-12-28,Squaw Creek Reservoir,0.0018
2031-12-29,Squaw Creek Reservoir,0.0017
2031-12-30,Squaw Creek Reservoir,0.0017
2031-12-31,Squaw Creek Reservoir,0.0017
2032-01-01,Squaw Creek Reservoir,0.0017
2032-01-02,Squaw Creek Reservoir,0.0017
2032-01-03,Squaw Creek Reservoir,0.0017
2032-01-04,Squaw Creek Reservoir,0.0017
2032-01-05,Squaw Creek Reservoir,0.0017
2032-01-06,Squaw Creek Reservoir,0.0017
2032-01-07,Squaw Creek Reservoir,0.0017
2032-01-08,Squaw Creek Reservoir,0.0016
2032-01-09,Squaw Creek Reservoir,0.0016
2032-01-10,Squaw Creek Reservoir,0.0016
2032-01-11,Squaw Creek Reservoir,0.0017
2032-01-12,Squaw Creek Reservoir,0.0016
2032-01-13,Squaw Creek Reservoir,0.0016
2032-01-14,Squaw Creek Reservoir,0.0016
2032-01-15,Squaw Creek Reservoir,0.0016
2032-01-16,Squaw Creek Reservoir,0.0016
2032-01-17,Squaw Creek Reservoir,0.0016
2032-01-18,Squaw Creek Reservoir,0.0016
2032-01-19,Squaw Creek Reservoir,0.0037
2032-01-20,Squaw Creek Reservoir,0.0016
2032-01-21,Squaw Creek Reservoir,0.0016
2032-01-22,Squaw Creek Reservoir,0.0016
2032-01-23,Squaw Creek Reservoir,0.0016
2032-01-24,Squaw Creek Reservoir,0.0016
2032-01-25,Squaw Creek Reservoir,0.0015
2032-01-26,Squaw Creek Reservoir,0.0015
2032-01-27,Squaw Creek Reservoir,0.0015
2032-01-28,Squaw Creek Reservoir,0.0015
2032-01-29,Squaw Creek Reservoir,0.0015
2032-01-30,Squaw Creek Reservoir,0.0015
2032-01-31,Squaw Creek Reservoir,0.0015
2032-02-01,Squaw Creek Reservoir,0.0015
2032-02-02,Squaw Creek Reservoir,0.0015
2032-02-03,Squaw Creek Reservoir,0.0024
2032-02-04,Squaw Creek Reservoir,0.0232
2032-02-05,Squaw Creek Reservoir,0.0219
2032-02-06,Squaw Creek Reservoir,0.0015
2032-02-07,Squaw Creek Reservoir,0.0014
2032-02-08,Squaw Creek Reservoir,0.0015
2032-02-09,Squaw Creek Reservoir,0.0014
2032-02-10,Squaw Creek Reservoir,0.0014
2032-02-11,Squaw Creek Reservoir,0.0014
2032-02-12,Squaw Creek Reservoir,0.0015
2032-02-13,Squaw Creek Reservoir,0.0014
2032-02-14,Squaw Creek Reservoir,0.0035
2032-02-15,Squaw Creek Reservoir,0.0941
2032-02-16,Squaw Creek Reservoir,0.1503
2032-02-17,Squaw Creek Reservoir,0.0194
2032-02-18,Squaw Creek Reservoir,0.0112
2032-02-19,Squaw Creek Reservoir,0.061
2032-02-20,Squaw Creek Reservoir,0.0016
2032-02-21,Squaw Creek Reservoir,0.0017
2032-02-22,Squaw Creek Reservoir,0.0018
2032-02-23,Squaw Creek Reservoir,0.0019
2032-02-24,Squaw Creek Reservoir,0.0019
2032-02-25,Squaw Creek Reservoir,0.0021
2032-02-26,Squaw Creek Reservoir,0.0021
2032-02-27,Squaw Creek Reservoir,0.0021
2032-02-28,Squaw Creek Reservoir,0.0022
2032-02-29,Squaw Creek Reservoir,0.0022
2032-03-01,Squaw Creek Reservoir,0.0201
2032-03-02,Squaw Creek Reservoir,0.1778
2032-03-03,Squaw Creek Reservoir,0.0025
2032-03-04,Squaw Creek Reservoir,0.0026
2032-03-05,Squaw Creek Reservoir,0.0027
2032-03-06,Squaw Creek Reservoir,0.0028
2032-03-07,Squaw Creek Reservoir,0.0028
2032-03-08,Squaw Creek Reservoir,0.003
2032-03-09,Squaw Creek Reservoir,0.003
2032-03-10,Squaw Creek Reservoir,0.0031
2032-03-11,Squaw Creek Reservoir,0.0032
2032-03-12,Squaw Creek Reservoir,0.0032
2032-03-13,Squaw Creek Reservoir,0.0042
2032-03-14,Squaw Creek Reservoir,0.0038
2032-03-15,Squaw Creek Reservoir,0.0034
2032-03-16,Squaw Creek Reservoir,0.0034
2032-03-17,Squaw Creek Reservoir,0.0036
2032-03-18,Squaw Creek Reservoir,0.0141
2032-03-19,Squaw Creek Reservoir,0.0036
2032-03-20,Squaw Creek Reservoir,0.0207
2032-03-21,Squaw Creek Reservoir,0.0318
2032-03-22,Squaw Creek Reservoir,0.0036
2032-03-23,Squaw Creek Reservoir,0.0036
2032-03-24,Squaw Creek Reservoir,0.0036
2032-03-25,Squaw Creek Reservoir,0.0036
2032-03-26,Squaw Creek Reservoir,0.0036
2032-03-27,Squaw Creek Reservoir,0.0037
2032-03-28,Squaw Creek Reservoir,0.0147
2032-03-29,Squaw Creek Reservoir,0.0037
2032-03-30,Squaw Creek Reservoir,0.0037
2032-03-31,Squaw Creek Reservoir,0.0037
2032-04-01,Squaw Creek Reservoir,0.0037
2032-04-02,Squaw Creek Reservoir,0.0037
2032-04-03,Squaw Creek Reservoir,0.0038
2032-04-04,Squaw Creek Reservoir,0.0037
2032-04-05,Squaw Creek Reservoir,0.0037
2032-04-06,Squaw Creek Reservoir,0.0037
2032-04-07,Squaw Creek Reservoir,0.0043
2032-04-08,Squaw Creek Reservoir,0.0037
2032-04-09,Squaw Creek Reservoir,0.0037
2032-04-10,Squaw Creek Reservoir,0.0037
2032-04-11,Squaw Creek Reservoir,0.0037
2032-04-12,Squaw Creek Reservoir,0.0404
2032-04-13,Squaw Creek Reservoir,0.0037
2032-04-14,Squaw Creek Reservoir,0.0037
2032-04-15,Squaw Creek Reservoir,0.0037
2032-04-16,Squaw Creek Reservoir,0.0079
2032-04-17,Squaw Creek Reservoir,0.0036
2032-04-18,Squaw Creek Reservoir,0.0036
2032-04-19,Squaw Creek Reservoir,0.0036
2032-04-20,Squaw Creek Reservoir,0.0036
2032-04-21,Squaw Creek Reservoir,0.0036
2032-04-22,Squaw Creek Reservoir,0.0036
2032-04-23,Squaw Creek Reservoir,0.0036
2032-04-24,Squaw Creek Reservoir,0.0036
2032-04-25,Squaw Creek Reservoir,0.0036
2032-04-26,Squaw Creek Reservoir,0.0036
2032-04-27,Squaw Creek Reservoir,0.0035
2032-04-28,Squaw Creek Reservoir,0.0035
2032-04-29,Squaw Creek Reservoir,0.0042
2032-04-30,Squaw Creek Reservoir,0.0046
2032-05-01,Squaw Creek Reservoir,0.0035
2032-05-02,Squaw Creek Reservoir,0.0035
2032-05-03,Squaw Creek Reservoir,0.0035
2032-05-04,Squaw Creek Reservoir,0.0146
2032-05-05,Squaw Creek Reservoir,0.0197
2032-05-06,Squaw Creek Reservoir,0.0035
2032-05-07,Squaw Creek Reservoir,0.0056
2032-05-08,Squaw Creek Reservoir,0.0054
2032-05-09,Squaw Creek Reservoir,0.0035
2032-05-10,Squaw Creek Reservoir,0.0093
2032-05-11,Squaw Creek Reservoir,0.0095
2032-05-12,Squaw Creek Reservoir,0.0244
2032-05-13,Squaw Creek Reservoir,0.0045
2032-05-14,Squaw Creek Reservoir,0.0033
2032-05-15,Squaw Creek Reservoir,0.0033
2032-05-16,Squaw Creek Reservoir,0.0033
2032-05-17,Squaw Creek Reservoir,0.0035
2032-05-18,Squaw Creek Reservoir,0.0038
2032-05-19,Squaw Creek Reservoir,0.0042
2032-05-20,Squaw Creek Reservoir,0.0041
2032-05-21,Squaw Creek Reservoir,0.0032
2032-05-22,Squaw Creek Reservoir,0.0381
2032-05-23,Squaw Creek Reservoir,0.0033
2032-05-24,Squaw Creek Reservoir,0.0034
2032-05-25,Squaw Creek Reservoir,0.0067
2032-05-26,Squaw Creek Reservoir,0.0118
2032-05-27,Squaw Creek Reservoir,0.0052
2032-05-28,Squaw Creek Reservoir,0.0031
2032-05-29,Squaw Creek Reservoir,0.0031
2032-05-30,Squaw Creek Reservoir,0.003
2032-05-31,Squaw Creek Reservoir,0.003
2032-06-01,Squaw Creek Reservoir,0.003
2032-06-02,Squaw Creek Reservoir,0.003
2032-06-03,Squaw Creek Reservoir,0.003
2032-06-04,Squaw Creek Reservoir,0.003
2032-06-05,Squaw Creek Reservoir,0.0029
2032-06-06,Squaw Creek Reservoir,0.0314
2032-06-07,Squaw Creek Reservoir,0.003
2032-06-08,Squaw Creek Reservoir,0.0038
2032-06-09,Squaw Creek Reservoir,0.003
2032-06-10,Squaw Creek Reservoir,0.0028
2032-06-11,Squaw Creek Reservoir,0.021
2032-06-12,Squaw Creek Reservoir,0.0028
2032-06-13,Squaw Creek Reservoir,0.0028
2032-06-14,Squaw Creek Reservoir,0.0028
2032-06-15,Squaw Creek Reservoir,0.0028
2032-06-16,Squaw Creek Reservoir,0.0028
2032-06-17,Squaw Creek Reservoir,0.0028
2032-06-18,Squaw Creek Reservoir,0.0027
2032-06-19,Squaw Creek Reservoir,0.0027
2032-06-20,Squaw Creek Reservoir,0.0036
2032-06-21,Squaw Creek Reservoir,0.0034
2032-06-22,Squaw Creek Reservoir,0.0048
2032-06-23,Squaw Creek Reservoir,0.0031
2032-06-24,Squaw Creek Reservoir,0.01
2032-06-25,Squaw Creek Reservoir,0.0087
2032-06-26,Squaw Creek Reservoir,0.0026
2032-06-27,Squaw Creek Reservoir,0.0027
2032-06-28,Squaw Creek Reservoir,0.0046
2032-06-29,Squaw Creek Reservoir,0.0032
2032-06-30,Squaw Creek Reservoir,0.0025
2032-07-01,Squaw Creek Reservoir,0.0026
2032-07-02,Squaw Creek Reservoir,0.0025
2032-07-03,Squaw Creek Reservoir,0.0025
2032-07-04,Squaw Creek Reservoir,0.0025
2032-07-05,Squaw Creek Reservoir,0.0025
2032-07-06,Squaw Creek Reservoir,0.0024
2032-07-07,Squaw Creek Reservoir,0.0024
2032-07-08,Squaw Creek Reservoir,0.0024
2032-07-09,Squaw Creek Reservoir,0.0024
2032-07-10,Squaw Creek Reservoir,0.0024
2032-07-11,Squaw Creek Reservoir,0.0024
2032-07-12,Squaw Creek Reservoir,0.0024
2032-07-13,Squaw Creek Reservoir,0.0024
2032-07-14,Squaw Creek Reservoir,0.0023
2032-07-15,Squaw Creek Reservoir,0.0023
2032-07-16,Squaw Creek Reservoir,0.0023
2032-07-17,Squaw Creek Reservoir,0.0023
2032-07-18,Squaw Creek Reservoir,0.0023
2032-07-19,Squaw Creek Reservoir,0.0026
2032-07-20,Squaw Creek Reservoir,0.0034
2032-07-21,Squaw Creek Reservoir,0.0068
2032-07-22,Squaw Creek Reservoir,0.0022
2032-07-23,Squaw Creek Reservoir,0.0022
2032-07-24,Squaw Creek Reservoir,0.0023
2032-07-25,Squaw Creek Reservoir,0.0022
2032-07-26,Squaw Creek Reservoir,0.0022
2032-07-27,Squaw Creek Reservoir,0.0022
2032-07-28,Squaw Creek Reservoir,0.0029
2032-07-29,Squaw Creek Reservoir,0.0022
2032-07-30,Squaw Creek Reservoir,0.0022
2032-07-31,Squaw Creek Reservoir,0.0021
2032-08-01,Squaw Creek Reservoir,0.0022
2032-08-02,Squaw Creek Reservoir,0.034
2032-08-03,Squaw Creek Reservoir,0.0027
2032-08-04,Squaw Creek Reservoir,0.0051
2032-08-05,Squaw Creek Reservoir,0.0029
2032-08-06,Squaw Creek Reservoir,0.0034
2032-08-07,Squaw Creek Reservoir,0.0024
2032-08-08,Squaw Creek Reservoir,0.0044
2032-08-09,Squaw Creek Reservoir,0.0029
2032-08-10,Squaw Creek Reservoir,0.0031
2032-08-11,Squaw Creek Reservoir,0.0103
2032-08-12,Squaw Creek Reservoir,0.0023
2032-08-13,Squaw Creek Reservoir,0.002
2032-08-14,Squaw Creek Reservoir,0.0019
2032-08-15,Squaw Creek Reservoir,0.0024
2032-08-16,Squaw Creek Reservoir,0.0432
2032-08-17,Squaw Creek Reservoir,0.0046
2032-08-18,Squaw Creek Reservoir,0.0019
2032-08-19,Squaw Creek Reservoir,0.0019
2032-08-20,Squaw Creek Reservoir,0.0019
2032-08-21,Squaw Creek Reservoir,0.0019
2032-08-22,Squaw Creek Reservoir,0.0018
2032-08-23,Squaw Creek Reservoir,0.0018
2032-08-24,Squaw Creek Reservoir,0.0019
2032-08-25,Squaw Creek Reservoir,0.0018
2032-08-26,Squaw Creek Reservoir,0.0018
2032-08-27,Squaw Creek Reservoir,0.0018
2032-08-28,Squaw Creek Reservoir,0.0018
2032-08-29,Squaw Creek Reservoir,0.0018
2032-08-30,Squaw Creek Reservoir,0.0018
2032-08-31,Squaw Creek Reservoir,0.0019
2032-09-01,Squaw Creek Reservoir,0.0031
2032-09-02,Squaw Creek Reservoir,0.0017
2032-09-03,Squaw Creek Reservoir,0.0018
2032-09-04,Squaw Creek Reservoir,0.0018
2032-09-05,Squaw Creek Reservoir,0.0017
2032-09-06,Squaw Creek Reservoir,0.0017
2032-09-07,Squaw Creek Reservoir,0.0017
2032-09-08,Squaw Creek Reservoir,0.0017
2032-09-09,Squaw Creek Reservoir,0.0017
2032-09-10,Squaw Creek Reservoir,0.0016
2032-09-11,Squaw Creek Reservoir,0.0016
2032-09-12,Squaw Creek Reservoir,0.0017
2032-09-13,Squaw Creek Reservoir,0.002
2032-09-14,Squaw Creek Reservoir,0.0021
2032-09-15,Squaw Creek Reservoir,0.0016
2032-09-16,Squaw Creek Reservoir,0.0016
2032-09-17,Squaw Creek Reservoir,0.0017
2032-09-18,Squaw Creek Reservoir,0.0016
2032-09-19,Squaw Creek Reservoir,0.0016
2032-09-20,Squaw Creek Reservoir,0.0016
2032-09-21,Squaw Creek Reservoir,0.0016
2032-09-22,Squaw Creek Reservoir,0.0017
2032-09-23,Squaw Creek Reservoir,0.0037
2032-09-24,Squaw Creek Reservoir,0.0015
2032-09-25,Squaw Creek Reservoir,0.0015
2032-09-26,Squaw Creek Reservoir,0.01
2032-09-27,Squaw Creek Reservoir,0.0858
2032-09-28,Squaw Creek Reservoir,0.0035
2032-09-29,Squaw Creek Reservoir,0.0015
2032-09-30,Squaw Creek Reservoir,0.0019
2032-10-01,Squaw Creek Reservoir,0.0627
2032-10-02,Squaw Creek Reservoir,0.0015
2032-10-03,Squaw Creek Reservoir,0.0015
2032-10-04,Squaw Creek Reservoir,0.2786
2032-10-05,Squaw Creek Reservoir,0.1811
2032-10-06,Squaw Creek Reservoir,0.0019
2032-10-07,Squaw Creek Reservoir,0.0023
2032-10-08,Squaw Creek Reservoir,0.0027
2032-10-09,Squaw Creek Reservoir,0.003
2032-10-10,Squaw Creek Reservoir,0.0032
2032-10-11,Squaw Creek Reservoir,0.0034
2032-10-12,Squaw Creek Reservoir,0.0147
2032-10-13,Squaw Creek Reservoir,0.0203
2032-10-14,Squaw Creek Reservoir,0.0053
2032-10-15,Squaw Creek Reservoir,0.018
2032-10-16,Squaw Creek Reservoir,0.0061
2032-10-17,Squaw Creek Reservoir,0.0042
2032-10-18,Squaw Creek Reservoir,0.7086
2032-10-19,Squaw Creek Reservoir,0.3332
2032-10-20,Squaw Creek Reservoir,0.1459
2032-10-21,Squaw Creek Reservoir,0.0874
2032-10-22,Squaw Creek Reservoir,0.061
2032-10-23,Squaw Creek Reservoir,0.0468
2032-10-24,Squaw Creek Reservoir,0.0381
2032-10-25,Squaw Creek Reservoir,0.0321
2032-10-26,Squaw Creek Reservoir,0.0679
2032-10-27,Squaw Creek Reservoir,0.0388
2032-10-28,Squaw Creek Reservoir,0.0237
2032-10-29,Squaw Creek Reservoir,0.0202
2032-10-30,Squaw Creek Reservoir,0.2343
2032-10-31,Squaw Creek Reservoir,0.0276
2032-11-01,Squaw Creek Reservoir,0.0276
2032-11-02,Squaw Creek Reservoir,0.0249
2032-11-03,Squaw Creek Reservoir,0.0227
2032-11-04,Squaw Creek Reservoir,0.0209
2032-11-05,Squaw Creek Reservoir,0.0195
2032-11-06,Squaw Creek Reservoir,0.0183
2032-11-07,Squaw Creek Reservoir,0.0173
2032-11-08,Squaw Creek Reservoir,0.0165
2032-11-09,Squaw Creek Reservoir,0.0182
2032-11-10,Squaw Creek Reservoir,0.016
2032-11-11,Squaw Creek Reservoir,0.0143
2032-11-12,Squaw Creek Reservoir,0.0138
2032-11-13,Squaw Creek Reservoir,0.014
2032-11-14,Squaw Creek Reservoir,0.015
2032-11-15,Squaw Creek Reservoir,0.0156
2032-11-16,Squaw Creek Reservoir,0.0156
2032-11-17,Squaw Creek Reservoir,0.0153
2032-11-18,Squaw Creek Reservoir,0.0149
2032-11-19,Squaw Creek Reservoir,0.0146
2032-11-20,Squaw Creek Reservoir,0.0142
2032-11-21,Squaw Creek Reservoir,0.0137
2032-11-22,Squaw Creek Reservoir,0.0133
2032-11-23,Squaw Creek Reservoir,0.0129
2032-11-24,Squaw Creek Reservoir,0.0125
2032-11-25,Squaw Creek Reservoir,0.0122
2032-11-26,Squaw Creek Reservoir,0.0119
2032-11-27,Squaw Creek Reservoir,0.0116
2032-11-28,Squaw Creek Reservoir,0.0113
2032-11-29,Squaw Creek Reservoir,0.0111
2032-11-30,Squaw Creek Reservoir,0.0109
2032-12-01,Squaw Creek Reservoir,0.0107
2032-12-02,Squaw Creek Reservoir,0.0321
2032-12-03,Squaw Creek Reservoir,0.0104
2032-12-04,Squaw Creek Reservoir,0.0102
2032-12-05,Squaw Creek Reservoir,0.0198
2032-12-06,Squaw Creek Reservoir,0.079
2032-12-07,Squaw Creek Reservoir,0.0239
2032-12-08,Squaw Creek Reservoir,0.1947
2032-12-09,Squaw Creek Reservoir,0.0129
2032-12-10,Squaw Creek Reservoir,0.0156
2032-12-11,Squaw Creek Reservoir,0.0168
2032-12-12,Squaw Creek Reservoir,0.0172
2032-12-13,Squaw Creek Reservoir,0.0166
2032-12-14,Squaw Creek Reservoir,0.0164
2032-12-15,Squaw Creek Reservoir,0.0161
2032-12-16,Squaw Creek Reservoir,0.0802
2032-12-17,Squaw Creek Reservoir,0.0162
2032-12-18,Squaw Creek Reservoir,0.1896
2032-12-19,Squaw Creek Reservoir,0.1542
2032-12-20,Squaw Creek Reservoir,0.0636
2032-12-21,Squaw Creek Reservoir,0.069
2032-12-22,Squaw Creek Reservoir,0.0664
2032-12-23,Squaw Creek Reservoir,0.0621
2032-12-24,Squaw Creek Reservoir,0.0586
2032-12-25,Squaw Creek Reservoir,0.1122
2032-12-26,Squaw Creek Reservoir,0.3112
2032-12-27,Squaw Creek Reservoir,0.16
2032-12-28,Squaw Creek Reservoir,0.1387
2032-12-29,Squaw Creek Reservoir,0.1168
2032-12-30,Squaw Creek Reservoir,0.1017
2032-12-31,Squaw Creek Reservoir,0.096
2033-01-01,Squaw Creek Reservoir,0.0816
2033-01-02,Squaw Creek Reservoir,0.0747
2033-01-03,Squaw Creek Reservoir,0.0696
2033-01-04,Squaw Creek Reservoir,0.0782
2033-01-05,Squaw Creek Reservoir,0.0656
2033-01-06,Squaw Creek Reservoir,0.0642
2033-01-07,Squaw Creek Reservoir,0.0614
2033-01-08,Squaw Creek Reservoir,0.0582
2033-01-09,Squaw Creek Reservoir,0.0556
2033-01-10,Squaw Creek Reservoir,0.053
2033-01-11,Squaw Creek Reservoir,0.0503
2033-01-12,Squaw Creek Reservoir,0.0478
2033-01-13,Squaw Creek Reservoir,0.0456
2033-01-14,Squaw Creek Reservoir,0.044
2033-01-15,Squaw Creek Reservoir,0.0423
2033-01-16,Squaw Creek Reservoir,0.0411
2033-01-17,Squaw Creek Reservoir,0.0398
2033-01-18,Squaw Creek Reservoir,0.0385
2033-01-19,Squaw Creek Reservoir,0.0373
2033-01-20,Squaw Creek Reservoir,0.0362
2033-01-21,Squaw Creek Reservoir,0.035
2033-01-22,Squaw Creek Reservoir,0.0341
2033-01-23,Squaw Creek Reservoir,0.0434
2033-01-24,Squaw Creek Reservoir,0.0872
2033-01-25,Squaw Creek Reservoir,0.0411
2033-01-26,Squaw Creek Reservoir,0.033
2033-01-27,Squaw Creek Reservoir,0.033
2033-01-28,Squaw Creek Reservoir,0.0327
2033-01-29,Squaw Creek Reservoir,0.0325
2033-01-30,Squaw Creek Reservoir,0.0322
2033-01-31,Squaw Creek Reservoir,0.0314
2033-02-01,Squaw Creek Reservoir,0.0308
2033-02-02,Squaw Creek Reservoir,0.0301
2033-02-03,Squaw Creek Reservoir,0.0295
2033-02-04,Squaw Creek Reservoir,0.0288
2033-02-05,Squaw Creek Reservoir,0.0283
2033-02-06,Squaw Creek Reservoir,0.0372
2033-02-07,Squaw Creek Reservoir,0.0274
2033-02-08,Squaw Creek Reservoir,0.027
2033-02-09,Squaw Creek Reservoir,0.0265
2033-02-10,Squaw Creek Reservoir,0.0261
2033-02-11,Squaw Creek Reservoir,0.0258
2033-02-12,Squaw Creek Reservoir,0.0254
2033-02-13,Squaw Creek Reservoir,0.0251
2033-02-14,Squaw Creek Reservoir,0.0248
2033-02-15,Squaw Creek Reservoir,0.0809
2033-02-16,Squaw Creek Reservoir,0.0243
2033-02-17,Squaw Creek Reservoir,0.0242
2033-02-18,Squaw Creek Reservoir,0.0241
2033-02-19,Squaw Creek Reservoir,0.024
2033-02-20,Squaw Creek Reservoir,0.0237
2033-02-21,Squaw Creek Reservoir,0.0861
2033-02-22,Squaw Creek Reservoir,0.2554
2033-02-23,Squaw Creek Reservoir,0.0289
2033-02-24,Squaw Creek Reservoir,0.0601
2033-02-25,Squaw Creek Reservoir,0.0668
2033-02-26,Squaw Creek Reservoir,0.1066
2033-02-27,Squaw Creek Reservoir,0.0614
2033-02-28,Squaw Creek Reservoir,0.0467
2033-03-01,Squaw Creek Reservoir,0.0578
2033-03-02,Squaw Creek Reservoir,0.0649
2033-03-03,Squaw Creek Reservoir,0.0623
2033-03-04,Squaw Creek Reservoir,0.0581
2033-03-05,Squaw Creek Reservoir,0.0541
2033-03-06,Squaw Creek Reservoir,0.0506
2033-03-07,Squaw Creek Reservoir,0.0476
2033-03-08,Squaw Creek Reservoir,0.0447
2033-03-09,Squaw Creek Reservoir,0.0421
2033-03-10,Squaw Creek Reservoir,0.0397
2033-03-11,Squaw Creek Reservoir,0.2022
2033-03-12,Squaw Creek Reservoir,0.392
2033-03-13,Squaw Creek Reservoir,0.4753
2033-03-14,Squaw Creek Reservoir,0.5007
2033-03-15,Squaw Creek Reservoir,0.4692
2033-03-16,Squaw Creek Reservoir,0.3807
2033-03-17,Squaw Creek Reservoir,0.308
2033-03-18,Squaw Creek Reservoir,0.2611
2033-03-19,Squaw Creek Reservoir,0.2192
2033-03-20,Squaw Creek Reservoir,0.1858
2033-03-21,Squaw Creek Reservoir,0.1594
2033-03-22,Squaw Creek Reservoir,0.1387
2033-03-23,Squaw Creek Reservoir,0.1237
2033-03-24,Squaw Creek Reservoir,0.36870000000000003
2033-03-25,Squaw Creek Reservoir,0.294
2033-03-26,Squaw Creek Reservoir,0.251
2033-03-27,Squaw Creek Reservoir,0.2364
2033-03-28,Squaw Creek Reservoir,0.2067
2033-03-29,Squaw Creek Reservoir,0.1777
2033-03-30,Squaw Creek Reservoir,0.3769
2033-03-31,Squaw Creek Reservoir,0.2267
2033-04-01,Squaw Creek Reservoir,0.2204
2033-04-02,Squaw Creek Reservoir,0.1916
2033-04-03,Squaw Creek Reservoir,0.1658
2033-04-04,Squaw Creek Reservoir,0.1445
2033-04-05,Squaw Creek Reservoir,0.1254
2033-04-06,Squaw Creek Reservoir,0.11
2033-04-07,Squaw Creek Reservoir,0.098
2033-04-08,Squaw Creek Reservoir,0.0888
2033-04-09,Squaw Creek Reservoir,0.0945
2033-04-10,Squaw Creek Reservoir,0.193
2033-04-11,Squaw Creek Reservoir,0.2008
2033-04-12,Squaw Creek Reservoir,0.1124
2033-04-13,Squaw Creek Reservoir,0.1331
2033-04-14,Squaw Creek Reservoir,0.4011
2033-04-15,Squaw Creek Reservoir,0.3008
2033-04-16,Squaw Creek Reservoir,0.2778
2033-04-17,Squaw Creek Reservoir,0.2385
2033-04-18,Squaw Creek Reservoir,0.2102
2033-04-19,Squaw Creek Reservoir,0.1777
2033-04-20,Squaw Creek Reservoir,0.1575
2033-04-21,Squaw Creek Reservoir,0.1416
2033-04-22,Squaw Creek Reservoir,0.1248
2033-04-23,Squaw Creek Reservoir,0.1115
2033-04-24,Squaw Creek Reservoir,0.1002
2033-04-25,Squaw Creek Reservoir,0.0908
2033-04-26,Squaw Creek Reservoir,0.0831
2033-04-27,Squaw Creek Reservoir,0.0794
2033-04-28,Squaw Creek Reservoir,0.0718
2033-04-29,Squaw Creek Reservoir,0.0669
2033-04-30,Squaw Creek Reservoir,0.0625
2033-05-01,Squaw Creek Reservoir,0.0587
2033-05-02,Squaw Creek Reservoir,0.0552
2033-05-03,Squaw Creek Reservoir,0.0523
2033-05-04,Squaw Creek Reservoir,0.0502
2033-05-05,Squaw Creek Reservoir,0.0479
2033-05-06,Squaw Creek Reservoir,0.046
2033-05-07,Squaw Creek Reservoir,0.0451
2033-05-08,Squaw Creek Reservoir,0.2231
2033-05-09,Squaw Creek Reservoir,0.1496
2033-05-10,Squaw Creek Reservoir,0.0426
2033-05-11,Squaw Creek Reservoir,0.0431
2033-05-12,Squaw Creek Reservoir,0.0426
2033-05-13,Squaw Creek Reservoir,0.0414
2033-05-14,Squaw Creek Reservoir,0.0399
2033-05-15,Squaw Creek Reservoir,0.0385
2033-05-16,Squaw Creek Reservoir,0.0372
2033-05-17,Squaw Creek Reservoir,0.0359
2033-05-18,Squaw Creek Reservoir,0.0351
2033-05-19,Squaw Creek Reservoir,0.0338
2033-05-20,Squaw Creek Reservoir,0.0328
2033-05-21,Squaw Creek Reservoir,0.0352
2033-05-22,Squaw Creek Reservoir,0.0312
2033-05-23,Squaw Creek Reservoir,0.0305
2033-05-24,Squaw Creek Reservoir,0.0299
2033-05-25,Squaw Creek Reservoir,0.0293
2033-05-26,Squaw Creek Reservoir,0.0288
2033-05-27,Squaw Creek Reservoir,0.0284
2033-05-28,Squaw Creek Reservoir,0.0279
2033-05-29,Squaw Creek Reservoir,0.0276
2033-05-30,Squaw Creek Reservoir,0.0271
2033-05-31,Squaw Creek Reservoir,0.0267
2033-06-01,Squaw Creek Reservoir,0.0266
2033-06-02,Squaw Creek Reservoir,0.0273
2033-06-03,Squaw Creek Reservoir,0.1503
2033-06-04,Squaw Creek Reservoir,0.5698
2033-06-05,Squaw Creek Reservoir,0.0861
2033-06-06,Squaw Creek Reservoir,0.0766
2033-06-07,Squaw Creek Reservoir,0.0639
2033-06-08,Squaw Creek Reservoir,0.0552
2033-06-09,Squaw Creek Reservoir,0.187
2033-06-10,Squaw Creek Reservoir,0.0542
2033-06-11,Squaw Creek Reservoir,0.0521
2033-06-12,Squaw Creek Reservoir,0.0474
2033-06-13,Squaw Creek Reservoir,0.0436
2033-06-14,Squaw Creek Reservoir,0.042
2033-06-15,Squaw Creek Reservoir,0.0385
2033-06-16,Squaw Creek Reservoir,0.0373
2033-06-17,Squaw Creek Reservoir,0.0558
2033-06-18,Squaw Creek Reservoir,0.0679
2033-06-19,Squaw Creek Reservoir,0.0519
2033-06-20,Squaw Creek Reservoir,0.0307
2033-06-21,Squaw Creek Reservoir,0.0298
2033-06-22,Squaw Creek Reservoir,0.0289
2033-06-23,Squaw Creek Reservoir,0.0284
2033-06-24,Squaw Creek Reservoir,0.1252
2033-06-25,Squaw Creek Reservoir,0.0349
2033-06-26,Squaw Creek Reservoir,0.0443
2033-06-27,Squaw Creek Reservoir,0.04
2033-06-28,Squaw Creek Reservoir,0.0302
2033-06-29,Squaw Creek Reservoir,0.0283
2033-06-30,Squaw Creek Reservoir,0.0265
2033-07-01,Squaw Creek Reservoir,0.0259
2033-07-02,Squaw Creek Reservoir,0.0252
2033-07-03,Squaw Creek Reservoir,0.0245
2033-07-04,Squaw Creek Reservoir,0.024
2033-07-05,Squaw Creek Reservoir,0.0234
2033-07-06,Squaw Creek Reservoir,0.0837
2033-07-07,Squaw Creek Reservoir,0.0225
2033-07-08,Squaw Creek Reservoir,0.022
2033-07-09,Squaw Creek Reservoir,0.0216
2033-07-10,Squaw Creek Reservoir,0.0212
2033-07-11,Squaw Creek Reservoir,0.0208
2033-07-12,Squaw Creek Reservoir,0.0205
2033-07-13,Squaw Creek Reservoir,0.0201
2033-07-14,Squaw Creek Reservoir,0.0198
2033-07-15,Squaw Creek Reservoir,0.0196
2033-07-16,Squaw Creek Reservoir,0.0194
2033-07-17,Squaw Creek Reservoir,0.0191
2033-07-18,Squaw Creek Reservoir,0.0188
2033-07-19,Squaw Creek Reservoir,0.0189
2033-07-20,Squaw Creek Reservoir,0.2619
2033-07-21,Squaw Creek Reservoir,0.1394
2033-07-22,Squaw Creek Reservoir,0.0387
2033-07-23,Squaw Creek Reservoir,0.0327
2033-07-24,Squaw Creek Reservoir,0.0301
2033-07-25,Squaw Creek Reservoir,0.0285
2033-07-26,Squaw Creek Reservoir,0.027
2033-07-27,Squaw Creek Reservoir,0.0257
2033-07-28,Squaw Creek Reservoir,0.0247
2033-07-29,Squaw Creek Reservoir,0.0265
2033-07-30,Squaw Creek Reservoir,0.0239
2033-07-31,Squaw Creek Reservoir,0.0229
2033-08-01,Squaw Creek Reservoir,0.0798
2033-08-02,Squaw Creek Reservoir,0.1937
2033-08-03,Squaw Creek Reservoir,0.0293
2033-08-04,Squaw Creek Reservoir,0.1924
2033-08-05,Squaw Creek Reservoir,0.1271
2033-08-06,Squaw Creek Reservoir,0.0599
2033-08-07,Squaw Creek Reservoir,0.049
2033-08-08,Squaw Creek Reservoir,0.0413
2033-08-09,Squaw Creek Reservoir,0.0362
2033-08-10,Squaw Creek Reservoir,0.0327
2033-08-11,Squaw Creek Reservoir,0.0299
2033-08-12,Squaw Creek Reservoir,0.1075
2033-08-13,Squaw Creek Reservoir,0.0261
2033-08-14,Squaw Creek Reservoir,0.0247
2033-08-15,Squaw Creek Reservoir,0.0235
2033-08-16,Squaw Creek Reservoir,0.0225
2033-08-17,Squaw Creek Reservoir,0.0216
2033-08-18,Squaw Creek Reservoir,0.0208
2033-08-19,Squaw Creek Reservoir,0.0202
2033-08-20,Squaw Creek Reservoir,0.0195
2033-08-21,Squaw Creek Reservoir,0.019
2033-08-22,Squaw Creek Reservoir,0.0184
2033-08-23,Squaw Creek Reservoir,0.018
2033-08-24,Squaw Creek Reservoir,0.0175
2033-08-25,Squaw Creek Reservoir,0.0173
2033-08-26,Squaw Creek Reservoir,0.0168
2033-08-27,Squaw Creek Reservoir,0.0166
2033-08-28,Squaw Creek Reservoir,0.0161
2033-08-29,Squaw Creek Reservoir,0.0158
2033-08-30,Squaw Creek Reservoir,0.0155
2033-08-31,Squaw Creek Reservoir,0.0152
2033-09-01,Squaw Creek Reservoir,0.0149
2033-09-02,Squaw Creek Reservoir,0.0147
2033-09-03,Squaw Creek Reservoir,0.0801
2033-09-04,Squaw Creek Reservoir,0.0662
2033-09-05,Squaw Creek Reservoir,0.0143
2033-09-06,Squaw Creek Reservoir,0.0148
2033-09-07,Squaw Creek Reservoir,0.0149
2033-09-08,Squaw Creek Reservoir,0.0142
2033-09-09,Squaw Creek Reservoir,0.0199
2033-09-10,Squaw Creek Reservoir,0.0139
2033-09-11,Squaw Creek Reservoir,0.0137
2033-09-12,Squaw Creek Reservoir,0.0135
2033-09-13,Squaw Creek Reservoir,0.0134
2033-09-14,Squaw Creek Reservoir,0.0132
2033-09-15,Squaw Creek Reservoir,0.013
2033-09-16,Squaw Creek Reservoir,0.0129
2033-09-17,Squaw Creek Reservoir,0.0128
2033-09-18,Squaw Creek Reservoir,0.0129
2033-09-19,Squaw Creek Reservoir,0.1212
2033-09-20,Squaw Creek Reservoir,0.0162
2033-09-21,Squaw Creek Reservoir,0.0323
2033-09-22,Squaw Creek Reservoir,0.0123
2033-09-23,Squaw Creek Reservoir,0.0122
2033-09-24,Squaw Creek Reservoir,0.0122
2033-09-25,Squaw Creek Reservoir,0.0121
2033-09-26,Squaw Creek Reservoir,0.012
2033-09-27,Squaw Creek Reservoir,0.012
2033-09-28,Squaw Creek Reservoir,0.0119
2033-09-29,Squaw Creek Reservoir,0.0239
2033-09-30,Squaw Creek Reservoir,0.0919
2033-10-01,Squaw Creek Reservoir,0.0125
2033-10-02,Squaw Creek Reservoir,0.0116
2033-10-03,Squaw Creek Reservoir,0.0115
2033-10-04,Squaw Creek Reservoir,0.0114
2033-10-05,Squaw Creek Reservoir,0.0121
2033-10-06,Squaw Creek Reservoir,0.0117
2033-10-07,Squaw Creek Reservoir,0.0112
2033-10-08,Squaw Creek Reservoir,0.0112
2033-10-09,Squaw Creek Reservoir,0.0111
2033-10-10,Squaw Creek Reservoir,0.011
2033-10-11,Squaw Creek Reservoir,0.0109
2033-10-12,Squaw Creek Reservoir,0.0108
2033-10-13,Squaw Creek Reservoir,0.0108
2033-10-14,Squaw Creek Reservoir,0.0108
2033-10-15,Squaw Creek Reservoir,0.0106
2033-10-16,Squaw Creek Reservoir,0.0106
2033-10-17,Squaw Creek Reservoir,0.0105
2033-10-18,Squaw Creek Reservoir,0.0104
2033-10-19,Squaw Creek Reservoir,0.0104
2033-10-20,Squaw Creek Reservoir,0.0103
2033-10-21,Squaw Creek Reservoir,0.0103
2033-10-22,Squaw Creek Reservoir,0.0162
2033-10-23,Squaw Creek Reservoir,0.0101
2033-10-24,Squaw Creek Reservoir,0.0101
2033-10-25,Squaw Creek Reservoir,0.0101
2033-10-26,Squaw Creek Reservoir,0.0373
2033-10-27,Squaw Creek Reservoir,0.0098
2033-10-28,Squaw Creek Reservoir,0.0097
2033-10-29,Squaw Creek Reservoir,0.0097
2033-10-30,Squaw Creek Reservoir,0.0096
2033-10-31,Squaw Creek Reservoir,0.0096
2033-11-01,Squaw Creek Reservoir,0.0095
2033-11-02,Squaw Creek Reservoir,0.0094
2033-11-03,Squaw Creek Reservoir,0.0096
2033-11-04,Squaw Creek Reservoir,0.0094
2033-11-05,Squaw Creek Reservoir,0.0124
2033-11-06,Squaw Creek Reservoir,0.0344
2033-11-07,Squaw Creek Reservoir,0.0091
2033-11-08,Squaw Creek Reservoir,0.009
2033-11-09,Squaw Creek Reservoir,0.009
2033-11-10,Squaw Creek Reservoir,0.0089
2033-11-11,Squaw Creek Reservoir,0.0088
2033-11-12,Squaw Creek Reservoir,0.0088
2033-11-13,Squaw Creek Reservoir,0.0087
2033-11-14,Squaw Creek Reservoir,0.0087
2033-11-15,Squaw Creek Reservoir,0.0086
2033-11-16,Squaw Creek Reservoir,0.0086
2033-11-17,Squaw Creek Reservoir,0.0085
2033-11-18,Squaw Creek Reservoir,0.0084
2033-11-19,Squaw Creek Reservoir,0.0084
2033-11-20,Squaw Creek Reservoir,0.0201
2033-11-21,Squaw Creek Reservoir,0.0086
2033-11-22,Squaw Creek Reservoir,0.0082
2033-11-23,Squaw Creek Reservoir,0.0081
2033-11-24,Squaw Creek Reservoir,0.0081
2033-11-25,Squaw Creek Reservoir,0.008
2033-11-26,Squaw Creek Reservoir,0.008
2033-11-27,Squaw Creek Reservoir,0.0124
2033-11-28,Squaw Creek Reservoir,0.0079
2033-11-29,Squaw Creek Reservoir,0.0078
2033-11-30,Squaw Creek Reservoir,0.0078
2033-12-01,Squaw Creek Reservoir,0.0077
2033-12-02,Squaw Creek Reservoir,0.0077
2033-12-03,Squaw Creek Reservoir,0.0076
2033-12-04,Squaw Creek Reservoir,0.0076
2033-12-05,Squaw Creek Reservoir,0.0075
2033-12-06,Squaw Creek Reservoir,0.0074
2033-12-07,Squaw Creek Reservoir,0.0074
2033-12-08,Squaw Creek Reservoir,0.0074
2033-12-09,Squaw Creek Reservoir,0.0074
2033-12-10,Squaw Creek Reservoir,0.0073
2033-12-11,Squaw Creek Reservoir,0.0072
2033-12-12,Squaw Creek Reservoir,0.0072
2033-12-13,Squaw Creek Reservoir,0.0071
2033-12-14,Squaw Creek Reservoir,0.007
2033-12-15,Squaw Creek Reservoir,0.007
2033-12-16,Squaw Creek Reservoir,0.007
2033-12-17,Squaw Creek Reservoir,0.0069
2033-12-18,Squaw Creek Reservoir,0.0069
2033-12-19,Squaw Creek Reservoir,0.0068
2033-12-20,Squaw Creek Reservoir,0.0068
2033-12-21,Squaw Creek Reservoir,0.0067
2033-12-22,Squaw Creek Reservoir,0.0067
2033-12-23,Squaw Creek Reservoir,0.0066
2033-12-24,Squaw Creek Reservoir,0.0066
2033-12-25,Squaw Creek Reservoir,0.0066
2033-12-26,Squaw Creek Reservoir,0.0065
2033-12-27,Squaw Creek Reservoir,0.0065
2033-12-28,Squaw Creek Reservoir,0.0081
2033-12-29,Squaw Creek Reservoir,0.0065
2033-12-30,Squaw Creek Reservoir,0.0063
2033-12-31,Squaw Creek Reservoir,0.0064
2034-01-01,Squaw Creek Reservoir,0.0128
2034-01-02,Squaw Creek Reservoir,0.0062
2034-01-03,Squaw Creek Reservoir,0.0062
2034-01-04,Squaw Creek Reservoir,0.0061
2034-01-05,Squaw Creek Reservoir,0.0061
2034-01-06,Squaw Creek Reservoir,0.006
2034-01-07,Squaw Creek Reservoir,0.006
2034-01-08,Squaw Creek Reservoir,0.006
2034-01-09,Squaw Creek Reservoir,0.0059
2034-01-10,Squaw Creek Reservoir,0.0059
2034-01-11,Squaw Creek Reservoir,0.0059
2034-01-12,Squaw Creek Reservoir,0.0059
2034-01-13,Squaw Creek Reservoir,0.0058
2034-01-14,Squaw Creek Reservoir,0.0057
2034-01-15,Squaw Creek Reservoir,0.0057
2034-01-16,Squaw Creek Reservoir,0.0057
2034-01-17,Squaw Creek Reservoir,0.0056
2034-01-18,Squaw Creek Reservoir,0.0056
2034-01-19,Squaw Creek Reservoir,0.0468
2034-01-20,Squaw Creek Reservoir,0.0144
2034-01-21,Squaw Creek Reservoir,0.0143
2034-01-22,Squaw Creek Reservoir,0.0054
2034-01-23,Squaw Creek Reservoir,0.0054
2034-01-24,Squaw Creek Reservoir,0.0065
2034-01-25,Squaw Creek Reservoir,0.0056
2034-01-26,Squaw Creek Reservoir,0.0055
2034-01-27,Squaw Creek Reservoir,0.0065
2034-01-28,Squaw Creek Reservoir,0.0425
2034-01-29,Squaw Creek Reservoir,0.0069
2034-01-30,Squaw Creek Reservoir,0.0108
2034-01-31,Squaw Creek Reservoir,0.0657
2034-02-01,Squaw Creek Reservoir,0.0694
2034-02-02,Squaw Creek Reservoir,0.0054
2034-02-03,Squaw Creek Reservoir,0.0052
2034-02-04,Squaw Creek Reservoir,0.012
2034-02-05,Squaw Creek Reservoir,0.038
2034-02-06,Squaw Creek Reservoir,0.0144
2034-02-07,Squaw Creek Reservoir,0.0051
2034-02-08,Squaw Creek Reservoir,0.0214
2034-02-09,Squaw Creek Reservoir,0.0124
2034-02-10,Squaw Creek Reservoir,0.0316
2034-02-11,Squaw Creek Reservoir,0.1534
2034-02-12,Squaw Creek Reservoir,0.0066
2034-02-13,Squaw Creek Reservoir,0.0055
2034-02-14,Squaw Creek Reservoir,0.0057
2034-02-15,Squaw Creek Reservoir,0.0058
2034-02-16,Squaw Creek Reservoir,0.0059
2034-02-17,Squaw Creek Reservoir,0.1022
2034-02-18,Squaw Creek Reservoir,0.408
2034-02-19,Squaw Creek Reservoir,0.166
2034-02-20,Squaw Creek Reservoir,0.1143
2034-02-21,Squaw Creek Reservoir,0.083
2034-02-22,Squaw Creek Reservoir,0.0861
2034-02-23,Squaw Creek Reservoir,0.0753
2034-02-24,Squaw Creek Reservoir,0.0569
2034-02-25,Squaw Creek Reservoir,0.0393
2034-02-26,Squaw Creek Reservoir,0.0339
2034-02-27,Squaw Creek Reservoir,0.0296
2034-02-28,Squaw Creek Reservoir,0.0263
2034-03-01,Squaw Creek Reservoir,0.0265
2034-03-02,Squaw Creek Reservoir,0.077
2034-03-03,Squaw Creek Reservoir,0.02
2034-03-04,Squaw Creek Reservoir,0.0186
2034-03-05,Squaw Creek Reservoir,0.0175
2034-03-06,Squaw Creek Reservoir,0.0202
2034-03-07,Squaw Creek Reservoir,0.0201
2034-03-08,Squaw Creek Reservoir,0.0154
2034-03-09,Squaw Creek Reservoir,0.0167
2034-03-10,Squaw Creek Reservoir,0.0563
2034-03-11,Squaw Creek Reservoir,0.1034
2034-03-12,Squaw Creek Reservoir,0.0196
2034-03-13,Squaw Creek Reservoir,0.0905
2034-03-14,Squaw Creek Reservoir,0.1261
2034-03-15,Squaw Creek Reservoir,0.1929
2034-03-16,Squaw Creek Reservoir,0.1508
2034-03-17,Squaw Creek Reservoir,0.0623
2034-03-18,Squaw Creek Reservoir,0.0509
2034-03-19,Squaw Creek Reservoir,0.0422
2034-03-20,Squaw Creek Reservoir,0.0379
2034-03-21,Squaw Creek Reservoir,0.0399
2034-03-22,Squaw Creek Reservoir,0.039
2034-03-23,Squaw Creek Reservoir,0.0361
2034-03-24,Squaw Creek Reservoir,0.0331
2034-03-25,Squaw Creek Reservoir,0.0306
2034-03-26,Squaw Creek Reservoir,0.0401
2034-03-27,Squaw Creek Reservoir,0.0304
2034-03-28,Squaw Creek Reservoir,0.0296
2034-03-29,Squaw Creek Reservoir,0.1021
2034-03-30,Squaw Creek Reservoir,0.0666
2034-03-31,Squaw Creek Reservoir,0.0364
2034-04-01,Squaw Creek Reservoir,0.0543
2034-04-02,Squaw Creek Reservoir,0.03
2034-04-03,Squaw Creek Reservoir,0.0294
2034-04-04,Squaw Creek Reservoir,0.0282
2034-04-05,Squaw Creek Reservoir,0.0268
2034-04-06,Squaw Creek Reservoir,0.0422
2034-04-07,Squaw Creek Reservoir,0.0244
2034-04-08,Squaw Creek Reservoir,0.0233
2034-04-09,Squaw Creek Reservoir,0.0223
2034-04-10,Squaw Creek Reservoir,0.0212
2034-04-11,Squaw Creek Reservoir,0.0796
2034-04-12,Squaw Creek Reservoir,0.0557
2034-04-13,Squaw Creek Reservoir,0.0902
2034-04-14,Squaw Creek Reservoir,0.3535
2034-04-15,Squaw Creek Reservoir,0.0921
2034-04-16,Squaw Creek Reservoir,0.0985
2034-04-17,Squaw Creek Reservoir,0.0854
2034-04-18,Squaw Creek Reservoir,0.074
2034-04-19,Squaw Creek Reservoir,0.065
2034-04-20,Squaw Creek Reservoir,0.0643
2034-04-21,Squaw Creek Reservoir,0.0676
2034-04-22,Squaw Creek Reservoir,0.0487
2034-04-23,Squaw Creek Reservoir,0.0913
2034-04-24,Squaw Creek Reservoir,0.044
2034-04-25,Squaw Creek Reservoir,0.0442
2034-04-26,Squaw Creek Reservoir,0.0834
2034-04-27,Squaw Creek Reservoir,0.0429
2034-04-28,Squaw Creek Reservoir,0.0394
2034-04-29,Squaw Creek Reservoir,0.0376
2034-04-30,Squaw Creek Reservoir,0.0353
2034-05-01,Squaw Creek Reservoir,0.0329
2034-05-02,Squaw Creek Reservoir,0.0304
2034-05-03,Squaw Creek Reservoir,0.0284
2034-05-04,Squaw Creek Reservoir,0.0262
2034-05-05,Squaw Creek Reservoir,0.0247
2034-05-06,Squaw Creek Reservoir,0.0233
2034-05-07,Squaw Creek Reservoir,0.0301
2034-05-08,Squaw Creek Reservoir,0.1241
2034-05-09,Squaw Creek Reservoir,0.0523
2034-05-10,Squaw Creek Reservoir,0.0981
2034-05-11,Squaw Creek Reservoir,0.1468
2034-05-12,Squaw Creek Reservoir,0.1613
2034-05-13,Squaw Creek Reservoir,0.0941
2034-05-14,Squaw Creek Reservoir,0.071
2034-05-15,Squaw Creek Reservoir,0.0659
2034-05-16,Squaw Creek Reservoir,0.3275
2034-05-17,Squaw Creek Reservoir,0.7812
2034-05-18,Squaw Creek Reservoir,2.1257
2034-05-19,Squaw Creek Reservoir,1.4889
2034-05-20,Squaw Creek Reservoir,0.9587
2034-05-21,Squaw Creek Reservoir,0.6292
2034-05-22,Squaw Creek Reservoir,0.4531
2034-05-23,Squaw Creek Reservoir,0.3422
2034-05-24,Squaw Creek Reservoir,0.2733
2034-05-25,Squaw Creek Reservoir,0.2104
2034-05-26,Squaw Creek Reservoir,0.1668
2034-05-27,Squaw Creek Reservoir,0.1392
2034-05-28,Squaw Creek Reservoir,0.12
2034-05-29,Squaw Creek Reservoir,0.1033
2034-05-30,Squaw Creek Reservoir,0.0897
2034-05-31,Squaw Creek Reservoir,0.0798
2034-06-01,Squaw Creek Reservoir,0.0725
2034-06-02,Squaw Creek Reservoir,0.0674
2034-06-03,Squaw Creek Reservoir,0.0619
2034-06-04,Squaw Creek Reservoir,0.058
2034-06-05,Squaw Creek Reservoir,0.0547
2034-06-06,Squaw Creek Reservoir,0.0518
2034-06-07,Squaw Creek Reservoir,0.0493
2034-06-08,Squaw Creek Reservoir,0.047
2034-06-09,Squaw Creek Reservoir,0.0451
2034-06-10,Squaw Creek Reservoir,0.0434
2034-06-11,Squaw Creek Reservoir,0.0684
2034-06-12,Squaw Creek Reservoir,0.0429
2034-06-13,Squaw Creek Reservoir,0.0414
2034-06-14,Squaw Creek Reservoir,0.0382
2034-06-15,Squaw Creek Reservoir,0.0371
2034-06-16,Squaw Creek Reservoir,0.0363
2034-06-17,Squaw Creek Reservoir,0.0351
2034-06-18,Squaw Creek Reservoir,0.0342
2034-06-19,Squaw Creek Reservoir,0.0335
2034-06-20,Squaw Creek Reservoir,0.0324
2034-06-21,Squaw Creek Reservoir,0.0316
2034-06-22,Squaw Creek Reservoir,0.0309
2034-06-23,Squaw Creek Reservoir,0.0302
2034-06-24,Squaw Creek Reservoir,0.0295
2034-06-25,Squaw Creek Reservoir,0.0289
2034-06-26,Squaw Creek Reservoir,0.0283
2034-06-27,Squaw Creek Reservoir,0.0278
2034-06-28,Squaw Creek Reservoir,0.0272
2034-06-29,Squaw Creek Reservoir,0.0267
2034-06-30,Squaw Creek Reservoir,0.0264
2034-07-01,Squaw Creek Reservoir,0.0269
2034-07-02,Squaw Creek Reservoir,0.0256
2034-07-03,Squaw Creek Reservoir,0.0255
2034-07-04,Squaw Creek Reservoir,0.0247
2034-07-05,Squaw Creek Reservoir,0.0243
2034-07-06,Squaw Creek Reservoir,0.024
2034-07-07,Squaw Creek Reservoir,0.0236
2034-07-08,Squaw Creek Reservoir,0.0233
2034-07-09,Squaw Creek Reservoir,0.023
2034-07-10,Squaw Creek Reservoir,0.0229
2034-07-11,Squaw Creek Reservoir,0.0244
2034-07-12,Squaw Creek Reservoir,0.0241
2034-07-13,Squaw Creek Reservoir,0.0219
2034-07-14,Squaw Creek Reservoir,0.0217
2034-07-15,Squaw Creek Reservoir,0.0214
2034-07-16,Squaw Creek Reservoir,0.0212
2034-07-17,Squaw Creek Reservoir,0.0217
2034-07-18,Squaw Creek Reservoir,0.0214
2034-07-19,Squaw Creek Reservoir,0.0205
2034-07-20,Squaw Creek Reservoir,0.0202
2034-07-21,Squaw Creek Reservoir,0.0204
2034-07-22,Squaw Creek Reservoir,0.02
2034-07-23,Squaw Creek Reservoir,0.0196
2034-07-24,Squaw Creek Reservoir,0.0194
2034-07-25,Squaw Creek Reservoir,0.0198
2034-07-26,Squaw Creek Reservoir,0.019
2034-07-27,Squaw Creek Reservoir,0.0188
2034-07-28,Squaw Creek Reservoir,0.0186
2034-07-29,Squaw Creek Reservoir,0.0184
2034-07-30,Squaw Creek Reservoir,0.0182
2034-07-31,Squaw Creek Reservoir,0.0181
2034-08-01,Squaw Creek Reservoir,0.0228
2034-08-02,Squaw Creek Reservoir,0.0182
2034-08-03,Squaw Creek Reservoir,0.0175
2034-08-04,Squaw Creek Reservoir,0.0215
2034-08-05,Squaw Creek Reservoir,0.0183
2034-08-06,Squaw Creek Reservoir,0.0178
2034-08-07,Squaw Creek Reservoir,0.0184
2034-08-08,Squaw Creek Reservoir,0.0167
2034-08-09,Squaw Creek Reservoir,0.0166
2034-08-10,Squaw Creek Reservoir,0.0165
2034-08-11,Squaw Creek Reservoir,0.0163
2034-08-12,Squaw Creek Reservoir,0.0181
2034-08-13,Squaw Creek Reservoir,0.0474
2034-08-14,Squaw Creek Reservoir,0.079
2034-08-15,Squaw Creek Reservoir,0.0209
2034-08-16,Squaw Creek Reservoir,0.0156
2034-08-17,Squaw Creek Reservoir,0.0154
2034-08-18,Squaw Creek Reservoir,0.0162
2034-08-19,Squaw Creek Reservoir,0.0373
2034-08-20,Squaw Creek Reservoir,0.0947
2034-08-21,Squaw Creek Reservoir,0.031
2034-08-22,Squaw Creek Reservoir,0.0171
2034-08-23,Squaw Creek Reservoir,0.0156
2034-08-24,Squaw Creek Reservoir,0.0176
2034-08-25,Squaw Creek Reservoir,0.0151
2034-08-26,Squaw Creek Reservoir,0.0162
2034-08-27,Squaw Creek Reservoir,0.0233
2034-08-28,Squaw Creek Reservoir,0.0933
2034-08-29,Squaw Creek Reservoir,0.0148
2034-08-30,Squaw Creek Reservoir,0.0156
2034-08-31,Squaw Creek Reservoir,0.0162
2034-09-01,Squaw Creek Reservoir,0.017
2034-09-02,Squaw Creek Reservoir,0.1397
2034-09-03,Squaw Creek Reservoir,0.0332
2034-09-04,Squaw Creek Reservoir,0.0224
2034-09-05,Squaw Creek Reservoir,0.0327
2034-09-06,Squaw Creek Reservoir,0.0238
2034-09-07,Squaw Creek Reservoir,0.0219
2034-09-08,Squaw Creek Reservoir,0.0239
2034-09-09,Squaw Creek Reservoir,0.0314
2034-09-10,Squaw Creek Reservoir,0.023
2034-09-11,Squaw Creek Reservoir,0.0218
2034-09-12,Squaw Creek Reservoir,0.0213
2034-09-13,Squaw Creek Reservoir,0.0514
2034-09-14,Squaw Creek Reservoir,0.0198
2034-09-15,Squaw Creek Reservoir,0.024
2034-09-16,Squaw Creek Reservoir,0.0195
2034-09-17,Squaw Creek Reservoir,0.0177
2034-09-18,Squaw Creek Reservoir,0.0172
2034-09-19,Squaw Creek Reservoir,0.0168
2034-09-20,Squaw Creek Reservoir,0.0164
2034-09-21,Squaw Creek Reservoir,0.016
2034-09-22,Squaw Creek Reservoir,0.0156
2034-09-23,Squaw Creek Reservoir,0.0307
2034-09-24,Squaw Creek Reservoir,0.0446
2034-09-25,Squaw Creek Reservoir,0.024
2034-09-26,Squaw Creek Reservoir,0.0146
2034-09-27,Squaw Creek Reservoir,0.0391
2034-09-28,Squaw Creek Reservoir,0.1451
2034-09-29,Squaw Creek Reservoir,0.0294
2034-09-30,Squaw Creek Reservoir,0.0307
2034-10-01,Squaw Creek Reservoir,0.0272
2034-10-02,Squaw Creek Reservoir,0.0262
2034-10-03,Squaw Creek Reservoir,0.0473
2034-10-04,Squaw Creek Reservoir,0.0225
2034-10-05,Squaw Creek Reservoir,0.0213
2034-10-06,Squaw Creek Reservoir,0.0203
2034-10-07,Squaw Creek Reservoir,0.0194
2034-10-08,Squaw Creek Reservoir,0.0187
2034-10-09,Squaw Creek Reservoir,0.018
2034-10-10,Squaw Creek Reservoir,0.0174
2034-10-11,Squaw Creek Reservoir,0.0212
2034-10-12,Squaw Creek Reservoir,0.0162
2034-10-13,Squaw Creek Reservoir,0.0158
2034-10-14,Squaw Creek Reservoir,0.0169
2034-10-15,Squaw Creek Reservoir,0.0152
2034-10-16,Squaw Creek Reservoir,0.0148
2034-10-17,Squaw Creek Reservoir,0.0142
2034-10-18,Squaw Creek Reservoir,0.0138
2034-10-19,Squaw Creek Reservoir,0.0135
2034-10-20,Squaw Creek Reservoir,0.0133
2034-10-21,Squaw Creek Reservoir,0.013
2034-10-22,Squaw Creek Reservoir,0.0127
2034-10-23,Squaw Creek Reservoir,0.0125
2034-10-24,Squaw Creek Reservoir,0.0123
2034-10-25,Squaw Creek Reservoir,0.0121
2034-10-26,Squaw Creek Reservoir,0.0119
2034-10-27,Squaw Creek Reservoir,0.0118
2034-10-28,Squaw Creek Reservoir,0.0116
2034-10-29,Squaw Creek Reservoir,0.0114
2034-10-30,Squaw Creek Reservoir,0.0113
2034-10-31,Squaw Creek Reservoir,0.0112
2034-11-01,Squaw Creek Reservoir,0.0111
2034-11-02,Squaw Creek Reservoir,0.011
2034-11-03,Squaw Creek Reservoir,0.0109
2034-11-04,Squaw Creek Reservoir,0.0108
2034-11-05,Squaw Creek Reservoir,0.0107
2034-11-06,Squaw Creek Reservoir,0.0106
2034-11-07,Squaw Creek Reservoir,0.0105
2034-11-08,Squaw Creek Reservoir,0.0105
2034-11-09,Squaw Creek Reservoir,0.0104
2034-11-10,Squaw Creek Reservoir,0.0104
2034-11-11,Squaw Creek Reservoir,0.0103
2034-11-12,Squaw Creek Reservoir,0.0102
2034-11-13,Squaw Creek Reservoir,0.0102
2034-11-14,Squaw Creek Reservoir,0.0101
2034-11-15,Squaw Creek Reservoir,0.0427
2034-11-16,Squaw Creek Reservoir,0.0116
2034-11-17,Squaw Creek Reservoir,0.0099
2034-11-18,Squaw Creek Reservoir,0.0099
2034-11-19,Squaw Creek Reservoir,0.0102
2034-11-20,Squaw Creek Reservoir,0.01
2034-11-21,Squaw Creek Reservoir,0.0587
2034-11-22,Squaw Creek Reservoir,0.0276
2034-11-23,Squaw Creek Reservoir,0.0096
2034-11-24,Squaw Creek Reservoir,0.0095
2034-11-25,Squaw Creek Reservoir,0.0095
2034-11-26,Squaw Creek Reservoir,0.0094
2034-11-27,Squaw Creek Reservoir,0.0094
2034-11-28,Squaw Creek Reservoir,0.0093
2034-11-29,Squaw Creek Reservoir,0.0722
2034-11-30,Squaw Creek Reservoir,0.0889
2034-12-01,Squaw Creek Reservoir,0.01
2034-12-02,Squaw Creek Reservoir,0.0091
2034-12-03,Squaw Creek Reservoir,0.0091
2034-12-04,Squaw Creek Reservoir,0.0091
2034-12-05,Squaw Creek Reservoir,0.0091
2034-12-06,Squaw Creek Reservoir,0.0091
2034-12-07,Squaw Creek Reservoir,0.0091
2034-12-08,Squaw Creek Reservoir,0.0091
2034-12-09,Squaw Creek Reservoir,0.0091
2034-12-10,Squaw Creek Reservoir,0.009
2034-12-11,Squaw Creek Reservoir,0.009
2034-12-12,Squaw Creek Reservoir,0.0089
2034-12-13,Squaw Creek Reservoir,0.0089
2034-12-14,Squaw Creek Reservoir,0.0089
2034-12-15,Squaw Creek Reservoir,0.0175
2034-12-16,Squaw Creek Reservoir,0.0302
2034-12-17,Squaw Creek Reservoir,0.0088
2034-12-18,Squaw Creek Reservoir,0.0107
2034-12-19,Squaw Creek Reservoir,0.0087
2034-12-20,Squaw Creek Reservoir,0.0087
2034-12-21,Squaw Creek Reservoir,0.0086
2034-12-22,Squaw Creek Reservoir,0.0086
2034-12-23,Squaw Creek Reservoir,0.0086
2034-12-24,Squaw Creek Reservoir,0.0085
2034-12-25,Squaw Creek Reservoir,0.0086
2034-12-26,Squaw Creek Reservoir,0.009
2034-12-27,Squaw Creek Reservoir,0.0085
2034-12-28,Squaw Creek Reservoir,0.0084
2034-12-29,Squaw Creek Reservoir,0.0086
2034-12-30,Squaw Creek Reservoir,0.0087
2034-12-31,Squaw Creek Reservoir,0.0082
2035-01-01,Squaw Creek Reservoir,0.0082
2035-01-02,Squaw Creek Reservoir,0.0082
2035-01-03,Squaw Creek Reservoir,0.0081
2035-01-04,Squaw Creek Reservoir,0.0081
2035-01-05,Squaw Creek Reservoir,0.008
2035-01-06,Squaw Creek Reservoir,0.008
2035-01-07,Squaw Creek Reservoir,0.0079
2035-01-08,Squaw Creek Reservoir,0.0079
2035-01-09,Squaw Creek Reservoir,0.0078
2035-01-10,Squaw Creek Reservoir,0.0078
2035-01-11,Squaw Creek Reservoir,0.0078
2035-01-12,Squaw Creek Reservoir,0.0077
2035-01-13,Squaw Creek Reservoir,0.0077
2035-01-14,Squaw Creek Reservoir,0.0077
2035-01-15,Squaw Creek Reservoir,0.0076
2035-01-16,Squaw Creek Reservoir,0.0075
2035-01-17,Squaw Creek Reservoir,0.0075
2035-01-18,Squaw Creek Reservoir,0.0075
2035-01-19,Squaw Creek Reservoir,0.0076
2035-01-20,Squaw Creek Reservoir,0.0086
2035-01-21,Squaw Creek Reservoir,0.0073
2035-01-22,Squaw Creek Reservoir,0.0073
2035-01-23,Squaw Creek Reservoir,0.0072
2035-01-24,Squaw Creek Reservoir,0.0072
2035-01-25,Squaw Creek Reservoir,0.0072
2035-01-26,Squaw Creek Reservoir,0.0074
2035-01-27,Squaw Creek Reservoir,0.0116
2035-01-28,Squaw Creek Reservoir,0.0075
2035-01-29,Squaw Creek Reservoir,0.0424
2035-01-30,Squaw Creek Reservoir,0.0069
2035-01-31,Squaw Creek Reservoir,0.0069
2035-02-01,Squaw Creek Reservoir,0.0068
2035-02-02,Squaw Creek Reservoir,0.0068
2035-02-03,Squaw Creek Reservoir,0.0068
2035-02-04,Squaw Creek Reservoir,0.0068
2035-02-05,Squaw Creek Reservoir,0.0067
2035-02-06,Squaw Creek Reservoir,0.0066
2035-02-07,Squaw Creek Reservoir,0.0066
2035-02-08,Squaw Creek Reservoir,0.0066
2035-02-09,Squaw Creek Reservoir,0.0065
2035-02-10,Squaw Creek Reservoir,0.0065
2035-02-11,Squaw Creek Reservoir,0.0064
2035-02-12,Squaw Creek Reservoir,0.0064
2035-02-13,Squaw Creek Reservoir,0.0064
2035-02-14,Squaw Creek Reservoir,0.0094
2035-02-15,Squaw Creek Reservoir,0.0242
2035-02-16,Squaw Creek Reservoir,0.0508
2035-02-17,Squaw Creek Reservoir,0.0169
2035-02-18,Squaw Creek Reservoir,0.0062
2035-02-19,Squaw Creek Reservoir,0.0061
2035-02-20,Squaw Creek Reservoir,0.0061
2035-02-21,Squaw Creek Reservoir,0.006
2035-02-22,Squaw Creek Reservoir,0.006
2035-02-23,Squaw Creek Reservoir,0.0087
2035-02-24,Squaw Creek Reservoir,0.0062
2035-02-25,Squaw Creek Reservoir,0.0059
2035-02-26,Squaw Creek Reservoir,0.0058
2035-02-27,Squaw Creek Reservoir,0.0058
2035-02-28,Squaw Creek Reservoir,0.0058
2035-03-01,Squaw Creek Reservoir,0.0058
2035-03-02,Squaw Creek Reservoir,0.0057
2035-03-03,Squaw Creek Reservoir,0.0057
2035-03-04,Squaw Creek Reservoir,0.0056
2035-03-05,Squaw Creek Reservoir,0.0059
2035-03-06,Squaw Creek Reservoir,0.0056
2035-03-07,Squaw Creek Reservoir,0.0055
2035-03-08,Squaw Creek Reservoir,0.0055
2035-03-09,Squaw Creek Reservoir,0.0055
2035-03-10,Squaw Creek Reservoir,0.0065
2035-03-11,Squaw Creek Reservoir,0.0054
2035-03-12,Squaw Creek Reservoir,0.0054
2035-03-13,Squaw Creek Reservoir,0.0054
2035-03-14,Squaw Creek Reservoir,0.0055
2035-03-15,Squaw Creek Reservoir,0.0095
2035-03-16,Squaw Creek Reservoir,0.011
2035-03-17,Squaw Creek Reservoir,0.0158
2035-03-18,Squaw Creek Reservoir,0.0053
2035-03-19,Squaw Creek Reservoir,0.0051
2035-03-20,Squaw Creek Reservoir,0.0051
2035-03-21,Squaw Creek Reservoir,0.0091
2035-03-22,Squaw Creek Reservoir,0.005
2035-03-23,Squaw Creek Reservoir,0.005
2035-03-24,Squaw Creek Reservoir,0.005
2035-03-25,Squaw Creek Reservoir,0.0049
2035-03-26,Squaw Creek Reservoir,0.0049
2035-03-27,Squaw Creek Reservoir,0.0049
2035-03-28,Squaw Creek Reservoir,0.0048
2035-03-29,Squaw Creek Reservoir,0.0368
2035-03-30,Squaw Creek Reservoir,0.0553
2035-03-31,Squaw Creek Reservoir,0.005
2035-04-01,Squaw Creek Reservoir,0.0376
2035-04-02,Squaw Creek Reservoir,0.0048
2035-04-03,Squaw Creek Reservoir,0.0396
2035-04-04,Squaw Creek Reservoir,0.0063
2035-04-05,Squaw Creek Reservoir,0.0298
2035-04-06,Squaw Creek Reservoir,0.0138
2035-04-07,Squaw Creek Reservoir,0.0104
2035-04-08,Squaw Creek Reservoir,0.0046
2035-04-09,Squaw Creek Reservoir,0.0052
2035-04-10,Squaw Creek Reservoir,0.0769
2035-04-11,Squaw Creek Reservoir,0.0082
2035-04-12,Squaw Creek Reservoir,0.0706
2035-04-13,Squaw Creek Reservoir,0.0046
2035-04-14,Squaw Creek Reservoir,0.0046
2035-04-15,Squaw Creek Reservoir,0.0047
2035-04-16,Squaw Creek Reservoir,0.0047
2035-04-17,Squaw Creek Reservoir,0.0048
2035-04-18,Squaw Creek Reservoir,0.0048
2035-04-19,Squaw Creek Reservoir,0.0054
2035-04-20,Squaw Creek Reservoir,0.0075
2035-04-21,Squaw Creek Reservoir,0.0056
2035-04-22,Squaw Creek Reservoir,0.0049
2035-04-23,Squaw Creek Reservoir,0.0631
2035-04-24,Squaw Creek Reservoir,0.0049
2035-04-25,Squaw Creek Reservoir,0.0049
2035-04-26,Squaw Creek Reservoir,0.0049
2035-04-27,Squaw Creek Reservoir,0.0049
2035-04-28,Squaw Creek Reservoir,0.005
2035-04-29,Squaw Creek Reservoir,0.005
2035-04-30,Squaw Creek Reservoir,0.0393
2035-05-01,Squaw Creek Reservoir,0.0057
2035-05-02,Squaw Creek Reservoir,0.0064
2035-05-03,Squaw Creek Reservoir,0.0097
2035-05-04,Squaw Creek Reservoir,0.0163
2035-05-05,Squaw Creek Reservoir,0.005
2035-05-06,Squaw Creek Reservoir,0.005
2035-05-07,Squaw Creek Reservoir,0.005
2035-05-08,Squaw Creek Reservoir,0.005
2035-05-09,Squaw Creek Reservoir,0.005
2035-05-10,Squaw Creek Reservoir,0.0206
2035-05-11,Squaw Creek Reservoir,0.0049
2035-05-12,Squaw Creek Reservoir,0.0049
2035-05-13,Squaw Creek Reservoir,0.0049
2035-05-14,Squaw Creek Reservoir,0.0049
2035-05-15,Squaw Creek Reservoir,0.0049
2035-05-16,Squaw Creek Reservoir,0.0049
2035-05-17,Squaw Creek Reservoir,0.007
2035-05-18,Squaw Creek Reservoir,0.0049
2035-05-19,Squaw Creek Reservoir,0.0048
2035-05-20,Squaw Creek Reservoir,0.0054
2035-05-21,Squaw Creek Reservoir,0.1703
2035-05-22,Squaw Creek Reservoir,0.2546
2035-05-23,Squaw Creek Reservoir,0.0286
2035-05-24,Squaw Creek Reservoir,0.0184
2035-05-25,Squaw Creek Reservoir,0.021
2035-05-26,Squaw Creek Reservoir,0.0239
2035-05-27,Squaw Creek Reservoir,0.0289
2035-05-28,Squaw Creek Reservoir,0.0257
2035-05-29,Squaw Creek Reservoir,0.0349
2035-05-30,Squaw Creek Reservoir,0.0328
2035-05-31,Squaw Creek Reservoir,0.0198
2035-06-01,Squaw Creek Reservoir,0.0176
2035-06-02,Squaw Creek Reservoir,0.0163
2035-06-03,Squaw Creek Reservoir,0.0152
2035-06-04,Squaw Creek Reservoir,0.0194
2035-06-05,Squaw Creek Reservoir,0.0153
2035-06-06,Squaw Creek Reservoir,0.0165
2035-06-07,Squaw Creek Reservoir,0.0122
2035-06-08,Squaw Creek Reservoir,0.0116
2035-06-09,Squaw Creek Reservoir,0.011
2035-06-10,Squaw Creek Reservoir,0.0108
2035-06-11,Squaw Creek Reservoir,0.0101
2035-06-12,Squaw Creek Reservoir,0.0097
2035-06-13,Squaw Creek Reservoir,0.0094
2035-06-14,Squaw Creek Reservoir,0.0119
2035-06-15,Squaw Creek Reservoir,0.012
2035-06-16,Squaw Creek Reservoir,0.0085
2035-06-17,Squaw Creek Reservoir,0.0082
2035-06-18,Squaw Creek Reservoir,0.011
2035-06-19,Squaw Creek Reservoir,0.0083
2035-06-20,Squaw Creek Reservoir,0.0907
2035-06-21,Squaw Creek Reservoir,0.0631
2035-06-22,Squaw Creek Reservoir,0.0103
2035-06-23,Squaw Creek Reservoir,0.0097
2035-06-24,Squaw Creek Reservoir,0.0097
2035-06-25,Squaw Creek Reservoir,0.0094
2035-06-26,Squaw Creek Reservoir,0.0091
2035-06-27,Squaw Creek Reservoir,0.0358
2035-06-28,Squaw Creek Reservoir,0.107
2035-06-29,Squaw Creek Reservoir,0.009
2035-06-30,Squaw Creek Reservoir,0.0095
2035-07-01,Squaw Creek Reservoir,0.0094
2035-07-02,Squaw Creek Reservoir,0.0091
2035-07-03,Squaw Creek Reservoir,0.0088
2035-07-04,Squaw Creek Reservoir,0.0085
2035-07-05,Squaw Creek Reservoir,0.0082
2035-07-06,Squaw Creek Reservoir,0.008
2035-07-07,Squaw Creek Reservoir,0.0113
2035-07-08,Squaw Creek Reservoir,0.0452
2035-07-09,Squaw Creek Reservoir,0.0074
2035-07-10,Squaw Creek Reservoir,0.0076
2035-07-11,Squaw Creek Reservoir,0.007
2035-07-12,Squaw Creek Reservoir,0.0068
2035-07-13,Squaw Creek Reservoir,0.0068
2035-07-14,Squaw Creek Reservoir,0.0066
2035-07-15,Squaw Creek Reservoir,0.0066
2035-07-16,Squaw Creek Reservoir,0.0065
2035-07-17,Squaw Creek Reservoir,0.0064
2035-07-18,Squaw Creek Reservoir,0.0067
2035-07-19,Squaw Creek Reservoir,0.0071
2035-07-20,Squaw Creek Reservoir,0.0063
2035-07-21,Squaw Creek Reservoir,0.0073
2035-07-22,Squaw Creek Reservoir,0.0389
2035-07-23,Squaw Creek Reservoir,0.006
2035-07-24,Squaw Creek Reservoir,0.006
2035-07-25,Squaw Creek Reservoir,0.006
2035-07-26,Squaw Creek Reservoir,0.0059
2035-07-27,Squaw Creek Reservoir,0.0058
2035-07-28,Squaw Creek Reservoir,0.0058
2035-07-29,Squaw Creek Reservoir,0.0058
2035-07-30,Squaw Creek Reservoir,0.0058
2035-07-31,Squaw Creek Reservoir,0.0057
2035-08-01,Squaw Creek Reservoir,0.0057
2035-08-02,Squaw Creek Reservoir,0.0057
2035-08-03,Squaw Creek Reservoir,0.0059
2035-08-04,Squaw Creek Reservoir,0.0056
2035-08-05,Squaw Creek Reservoir,0.0056
2035-08-06,Squaw Creek Reservoir,0.0056
2035-08-07,Squaw Creek Reservoir,0.0056
2035-08-08,Squaw Creek Reservoir,0.0055
2035-08-09,Squaw Creek Reservoir,0.0055
2035-08-10,Squaw Creek Reservoir,0.0055
2035-08-11,Squaw Creek Reservoir,0.0055
2035-08-12,Squaw Creek Reservoir,0.0054
2035-08-13,Squaw Creek Reservoir,0.0054
2035-08-14,Squaw Creek Reservoir,0.0054
2035-08-15,Squaw Creek Reservoir,0.0054
2035-08-16,Squaw Creek Reservoir,0.0054
2035-08-17,Squaw Creek Reservoir,0.0053
2035-08-18,Squaw Creek Reservoir,0.0053
2035-08-19,Squaw Creek Reservoir,0.0052
2035-08-20,Squaw Creek Reservoir,0.0052
2035-08-21,Squaw Creek Reservoir,0.0052
2035-08-22,Squaw Creek Reservoir,0.0054
2035-08-23,Squaw Creek Reservoir,0.0172
2035-08-24,Squaw Creek Reservoir,0.0052
2035-08-25,Squaw Creek Reservoir,0.008
2035-08-26,Squaw Creek Reservoir,0.0053
2035-08-27,Squaw Creek Reservoir,0.006
2035-08-28,Squaw Creek Reservoir,0.0052
2035-08-29,Squaw Creek Reservoir,0.0061
2035-08-30,Squaw Creek Reservoir,0.0063
2035-08-31,Squaw Creek Reservoir,0.0057
2035-09-01,Squaw Creek Reservoir,0.0193
2035-09-02,Squaw Creek Reservoir,0.0152
2035-09-03,Squaw Creek Reservoir,0.006
2035-09-04,Squaw Creek Reservoir,0.0114
2035-09-05,Squaw Creek Reservoir,0.0048
2035-09-06,Squaw Creek Reservoir,0.0047
2035-09-07,Squaw Creek Reservoir,0.0047
2035-09-08,Squaw Creek Reservoir,0.0047
2035-09-09,Squaw Creek Reservoir,0.0046
2035-09-10,Squaw Creek Reservoir,0.0046
2035-09-11,Squaw Creek Reservoir,0.0046
2035-09-12,Squaw Creek Reservoir,0.0046
2035-09-13,Squaw Creek Reservoir,0.0045
2035-09-14,Squaw Creek Reservoir,0.005
2035-09-15,Squaw Creek Reservoir,0.0092
2035-09-16,Squaw Creek Reservoir,0.0204
2035-09-17,Squaw Creek Reservoir,0.0045
2035-09-18,Squaw Creek Reservoir,0.0224
2035-09-19,Squaw Creek Reservoir,0.0049
2035-09-20,Squaw Creek Reservoir,0.0044
2035-09-21,Squaw Creek Reservoir,0.0043
2035-09-22,Squaw Creek Reservoir,0.0043
2035-09-23,Squaw Creek Reservoir,0.0043
2035-09-24,Squaw Creek Reservoir,0.0042
2035-09-25,Squaw Creek Reservoir,0.0042
2035-09-26,Squaw Creek Reservoir,0.0042
2035-09-27,Squaw Creek Reservoir,0.0042
2035-09-28,Squaw Creek Reservoir,0.0041
2035-09-29,Squaw Creek Reservoir,0.0041
2035-09-30,Squaw Creek Reservoir,0.0041
2035-10-01,Squaw Creek Reservoir,0.0041
2035-10-02,Squaw Creek Reservoir,0.0151
2035-10-03,Squaw Creek Reservoir,0.0705
2035-10-04,Squaw Creek Reservoir,0.004
2035-10-05,Squaw Creek Reservoir,0.004
2035-10-06,Squaw Creek Reservoir,0.0039
2035-10-07,Squaw Creek Reservoir,0.0039
2035-10-08,Squaw Creek Reservoir,0.0039
2035-10-09,Squaw Creek Reservoir,0.0039
2035-10-10,Squaw Creek Reservoir,0.0039
2035-10-11,Squaw Creek Reservoir,0.0038
2035-10-12,Squaw Creek Reservoir,0.0038
2035-10-13,Squaw Creek Reservoir,0.0038
2035-10-14,Squaw Creek Reservoir,0.0038
2035-10-15,Squaw Creek Reservoir,0.0037
2035-10-16,Squaw Creek Reservoir,0.0043
2035-10-17,Squaw Creek Reservoir,0.0037
2035-10-18,Squaw Creek Reservoir,0.0069
2035-10-19,Squaw Creek Reservoir,0.0157
2035-10-20,Squaw Creek Reservoir,0.0125
2035-10-21,Squaw Creek Reservoir,0.022
2035-10-22,Squaw Creek Reservoir,0.0064
2035-10-23,Squaw Creek Reservoir,0.0036
2035-10-24,Squaw Creek Reservoir,0.0035
2035-10-25,Squaw Creek Reservoir,0.0035
2035-10-26,Squaw Creek Reservoir,0.0035
2035-10-27,Squaw Creek Reservoir,0.0038
2035-10-28,Squaw Creek Reservoir,0.0034
2035-10-29,Squaw Creek Reservoir,0.0034
2035-10-30,Squaw Creek Reservoir,0.0034
2035-10-31,Squaw Creek Reservoir,0.0034
2035-11-01,Squaw Creek Reservoir,0.0034
2035-11-02,Squaw Creek Reservoir,0.0033
2035-11-03,Squaw Creek Reservoir,0.0033
2035-11-04,Squaw Creek Reservoir,0.0033
2035-11-05,Squaw Creek Reservoir,0.0033
2035-11-06,Squaw Creek Reservoir,0.0032
2035-11-07,Squaw Creek Reservoir,0.0032
2035-11-08,Squaw Creek Reservoir,0.0032
2035-11-09,Squaw Creek Reservoir,0.0032
2035-11-10,Squaw Creek Reservoir,0.0032
2035-11-11,Squaw Creek Reservoir,0.0031
2035-11-12,Squaw Creek Reservoir,0.0031
2035-11-13,Squaw Creek Reservoir,0.0042
2035-11-14,Squaw Creek Reservoir,0.0074
2035-11-15,Squaw Creek Reservoir,0.0031
2035-11-16,Squaw Creek Reservoir,0.0031
2035-11-17,Squaw Creek Reservoir,0.003
2035-11-18,Squaw Creek Reservoir,0.003
2035-11-19,Squaw Creek Reservoir,0.003
2035-11-20,Squaw Creek Reservoir,0.003
2035-11-21,Squaw Creek Reservoir,0.003
2035-11-22,Squaw Creek Reservoir,0.003
2035-11-23,Squaw Creek Reservoir,0.0029
2035-11-24,Squaw Creek Reservoir,0.0029
2035-11-25,Squaw Creek Reservoir,0.0029
2035-11-26,Squaw Creek Reservoir,0.0029
2035-11-27,Squaw Creek Reservoir,0.0028
2035-11-28,Squaw Creek Reservoir,0.0028
2035-11-29,Squaw Creek Reservoir,0.0028
2035-11-30,Squaw Creek Reservoir,0.003
2035-12-01,Squaw Creek Reservoir,0.0028
2035-12-02,Squaw Creek Reservoir,0.0028
2035-12-03,Squaw Creek Reservoir,0.0028
2035-12-04,Squaw Creek Reservoir,0.0029
2035-12-05,Squaw Creek Reservoir,0.0028
2035-12-06,Squaw Creek Reservoir,0.0027
2035-12-07,Squaw Creek Reservoir,0.024
2035-12-08,Squaw Creek Reservoir,0.003
2035-12-09,Squaw Creek Reservoir,0.0026
2035-12-10,Squaw Creek Reservoir,0.0026
2035-12-11,Squaw Creek Reservoir,0.0026
2035-12-12,Squaw Creek Reservoir,0.0026
2035-12-13,Squaw Creek Reservoir,0.0026
2035-12-14,Squaw Creek Reservoir,0.0026
2035-12-15,Squaw Creek Reservoir,0.0026
2035-12-16,Squaw Creek Reservoir,0.0025
2035-12-17,Squaw Creek Reservoir,0.0025
2035-12-18,Squaw Creek Reservoir,0.0026
2035-12-19,Squaw Creek Reservoir,0.0361
2035-12-20,Squaw Creek Reservoir,0.0218
2035-12-21,Squaw Creek Reservoir,0.0025
2035-12-22,Squaw Creek Reservoir,0.0024
2035-12-23,Squaw Creek Reservoir,0.0024
2035-12-24,Squaw Creek Reservoir,0.0024
2035-12-25,Squaw Creek Reservoir,0.0024
2035-12-26,Squaw Creek Reservoir,0.0024
2035-12-27,Squaw Creek Reservoir,0.0024
2035-12-28,Squaw Creek Reservoir,0.0024
2035-12-29,Squaw Creek Reservoir,0.0024
2035-12-30,Squaw Creek Reservoir,0.0023
2035-12-31,Squaw Creek Reservoir,0.0023
2036-01-01,Squaw Creek Reservoir,0.0023
2036-01-02,Squaw Creek Reservoir,0.0023
2036-01-03,Squaw Creek Reservoir,0.0023
2036-01-04,Squaw Creek Reservoir,0.0023
2036-01-05,Squaw Creek Reservoir,0.0023
2036-01-06,Squaw Creek Reservoir,0.0023
2036-01-07,Squaw Creek Reservoir,0.0022
2036-01-08,Squaw Creek Reservoir,0.0022
2036-01-09,Squaw Creek Reservoir,0.0022
2036-01-10,Squaw Creek Reservoir,0.0022
2036-01-11,Squaw Creek Reservoir,0.0022
2036-01-12,Squaw Creek Reservoir,0.0022
2036-01-13,Squaw Creek Reservoir,0.0022
2036-01-14,Squaw Creek Reservoir,0.0022
2036-01-15,Squaw Creek Reservoir,0.0021
2036-01-16,Squaw Creek Reservoir,0.0021
2036-01-17,Squaw Creek Reservoir,0.0021
2036-01-18,Squaw Creek Reservoir,0.0021
2036-01-19,Squaw Creek Reservoir,0.0021
2036-01-20,Squaw Creek Reservoir,0.0021
2036-01-21,Squaw Creek Reservoir,0.0045
2036-01-22,Squaw Creek Reservoir,0.002
2036-01-23,Squaw Creek Reservoir,0.002
2036-01-24,Squaw Creek Reservoir,0.0033
2036-01-25,Squaw Creek Reservoir,0.0024
2036-01-26,Squaw Creek Reservoir,0.0036
2036-01-27,Squaw Creek Reservoir,0.0497
2036-01-28,Squaw Creek Reservoir,0.0684
2036-01-29,Squaw Creek Reservoir,0.0116
2036-01-30,Squaw Creek Reservoir,0.0026
2036-01-31,Squaw Creek Reservoir,0.0022
2036-02-01,Squaw Creek Reservoir,0.002
2036-02-02,Squaw Creek Reservoir,0.0019
2036-02-03,Squaw Creek Reservoir,0.0019
2036-02-04,Squaw Creek Reservoir,0.0019
2036-02-05,Squaw Creek Reservoir,0.0019
2036-02-06,Squaw Creek Reservoir,0.0019
2036-02-07,Squaw Creek Reservoir,0.0019
2036-02-08,Squaw Creek Reservoir,0.003
2036-02-09,Squaw Creek Reservoir,0.002
2036-02-10,Squaw Creek Reservoir,0.0019
2036-02-11,Squaw Creek Reservoir,0.0019
2036-02-12,Squaw Creek Reservoir,0.0019
2036-02-13,Squaw Creek Reservoir,0.0018
2036-02-14,Squaw Creek Reservoir,0.0018
2036-02-15,Squaw Creek Reservoir,0.002
2036-02-16,Squaw Creek Reservoir,0.0018
2036-02-17,Squaw Creek Reservoir,0.0018
2036-02-18,Squaw Creek Reservoir,0.0018
2036-02-19,Squaw Creek Reservoir,0.0018
2036-02-20,Squaw Creek Reservoir,0.0018
2036-02-21,Squaw Creek Reservoir,0.0018
2036-02-22,Squaw Creek Reservoir,0.0018
2036-02-23,Squaw Creek Reservoir,0.0019
2036-02-24,Squaw Creek Reservoir,0.0018
2036-02-25,Squaw Creek Reservoir,0.0018
2036-02-26,Squaw Creek Reservoir,0.0017
2036-02-27,Squaw Creek Reservoir,0.0017
2036-02-28,Squaw Creek Reservoir,0.0017
2036-02-29,Squaw Creek Reservoir,0.0017
2036-03-01,Squaw Creek Reservoir,0.0017
2036-03-02,Squaw Creek Reservoir,0.0077
2036-03-03,Squaw Creek Reservoir,0.0785
2036-03-04,Squaw Creek Reservoir,0.0325
2036-03-05,Squaw Creek Reservoir,0.0017
2036-03-06,Squaw Creek Reservoir,0.0017
2036-03-07,Squaw Creek Reservoir,0.0017
2036-03-08,Squaw Creek Reservoir,0.0017
2036-03-09,Squaw Creek Reservoir,0.0019
2036-03-10,Squaw Creek Reservoir,0.0017
2036-03-11,Squaw Creek Reservoir,0.0458
2036-03-12,Squaw Creek Reservoir,0.0022
2036-03-13,Squaw Creek Reservoir,0.0016
2036-03-14,Squaw Creek Reservoir,0.0016
2036-03-15,Squaw Creek Reservoir,0.0016
2036-03-16,Squaw Creek Reservoir,0.0016
2036-03-17,Squaw Creek Reservoir,0.0016
2036-03-18,Squaw Creek Reservoir,0.0016
2036-03-19,Squaw Creek Reservoir,0.0016
2036-03-20,Squaw Creek Reservoir,0.0016
2036-03-21,Squaw Creek Reservoir,0.0016
2036-03-22,Squaw Creek Reservoir,0.0016
2036-03-23,Squaw Creek Reservoir,0.0016
2036-03-24,Squaw Creek Reservoir,0.0016
2036-03-25,Squaw Creek Reservoir,0.0024
2036-03-26,Squaw Creek Reservoir,0.046
2036-03-27,Squaw Creek Reservoir,0.0075
2036-03-28,Squaw Creek Reservoir,0.0015
2036-03-29,Squaw Creek Reservoir,0.0015
2036-03-30,Squaw Creek Reservoir,0.0015
2036-03-31,Squaw Creek Reservoir,0.0015
2036-04-01,Squaw Creek Reservoir,0.0015
2036-04-02,Squaw Creek Reservoir,0.0027
2036-04-03,Squaw Creek Reservoir,0.0138
2036-04-04,Squaw Creek Reservoir,0.002
2036-04-05,Squaw Creek Reservoir,0.0015
2036-04-06,Squaw Creek Reservoir,0.0015
2036-04-07,Squaw Creek Reservoir,0.0015
2036-04-08,Squaw Creek Reservoir,0.0016
2036-04-09,Squaw Creek Reservoir,0.0015
2036-04-10,Squaw Creek Reservoir,0.0016
2036-04-11,Squaw Creek Reservoir,0.0014
2036-04-12,Squaw Creek Reservoir,0.0076
2036-04-13,Squaw Creek Reservoir,0.0065
2036-04-14,Squaw Creek Reservoir,0.0014
2036-04-15,Squaw Creek Reservoir,0.0014
2036-04-16,Squaw Creek Reservoir,0.0014
2036-04-17,Squaw Creek Reservoir,0.0014
2036-04-18,Squaw Creek Reservoir,0.0014
2036-04-19,Squaw Creek Reservoir,0.0021
2036-04-20,Squaw Creek Reservoir,0.0014
2036-04-21,Squaw Creek Reservoir,0.0014
2036-04-22,Squaw Creek Reservoir,0.0019
2036-04-23,Squaw Creek Reservoir,0.0014
2036-04-24,Squaw Creek Reservoir,0.0014
2036-04-25,Squaw Creek Reservoir,0.0014
2036-04-26,Squaw Creek Reservoir,0.0014
2036-04-27,Squaw Creek Reservoir,0.1137
2036-04-28,Squaw Creek Reservoir,0.0117
2036-04-29,Squaw Creek Reservoir,0.0057
2036-04-30,Squaw Creek Reservoir,0.4333
2036-05-01,Squaw Creek Reservoir,0.002
2036-05-02,Squaw Creek Reservoir,0.0022
2036-05-03,Squaw Creek Reservoir,0.0027
2036-05-04,Squaw Creek Reservoir,0.003
2036-05-05,Squaw Creek Reservoir,0.0033
2036-05-06,Squaw Creek Reservoir,0.0035
2036-05-07,Squaw Creek Reservoir,0.0037
2036-05-08,Squaw Creek Reservoir,0.0039
2036-05-09,Squaw Creek Reservoir,0.0043
2036-05-10,Squaw Creek Reservoir,0.1788
2036-05-11,Squaw Creek Reservoir,0.1548
2036-05-12,Squaw Creek Reservoir,0.0053
2036-05-13,Squaw Creek Reservoir,0.0125
2036-05-14,Squaw Creek Reservoir,0.0157
2036-05-15,Squaw Creek Reservoir,0.0198
2036-05-16,Squaw Creek Reservoir,0.0205
2036-05-17,Squaw Creek Reservoir,0.0191
2036-05-18,Squaw Creek Reservoir,0.0209
2036-05-19,Squaw Creek Reservoir,0.0209
2036-05-20,Squaw Creek Reservoir,0.0269
2036-05-21,Squaw Creek Reservoir,0.0262
2036-05-22,Squaw Creek Reservoir,0.0176
2036-05-23,Squaw Creek Reservoir,0.0161
2036-05-24,Squaw Creek Reservoir,0.0171
2036-05-25,Squaw Creek Reservoir,0.0105
2036-05-26,Squaw Creek Reservoir,0.0134
2036-05-27,Squaw Creek Reservoir,0.0136
2036-05-28,Squaw Creek Reservoir,0.0244
2036-05-29,Squaw Creek Reservoir,0.0091
2036-05-30,Squaw Creek Reservoir,0.0084
2036-05-31,Squaw Creek Reservoir,0.008
2036-06-01,Squaw Creek Reservoir,0.0089
2036-06-02,Squaw Creek Reservoir,0.0321
2036-06-03,Squaw Creek Reservoir,0.0072
2036-06-04,Squaw Creek Reservoir,0.0069
2036-06-05,Squaw Creek Reservoir,0.0067
2036-06-06,Squaw Creek Reservoir,0.0065
2036-06-07,Squaw Creek Reservoir,0.0063
2036-06-08,Squaw Creek Reservoir,0.0061
2036-06-09,Squaw Creek Reservoir,0.0592
2036-06-10,Squaw Creek Reservoir,0.0058
2036-06-11,Squaw Creek Reservoir,0.0057
2036-06-12,Squaw Creek Reservoir,0.0056
2036-06-13,Squaw Creek Reservoir,0.0056
2036-06-14,Squaw Creek Reservoir,0.0056
2036-06-15,Squaw Creek Reservoir,0.0054
2036-06-16,Squaw Creek Reservoir,0.0053
2036-06-17,Squaw Creek Reservoir,0.015
2036-06-18,Squaw Creek Reservoir,0.0058
2036-06-19,Squaw Creek Reservoir,0.0051
2036-06-20,Squaw Creek Reservoir,0.0051
2036-06-21,Squaw Creek Reservoir,0.005
2036-06-22,Squaw Creek Reservoir,0.005
2036-06-23,Squaw Creek Reservoir,0.005
2036-06-24,Squaw Creek Reservoir,0.0049
2036-06-25,Squaw Creek Reservoir,0.0049
2036-06-26,Squaw Creek Reservoir,0.005
2036-06-27,Squaw Creek Reservoir,0.0049
2036-06-28,Squaw Creek Reservoir,0.0049
2036-06-29,Squaw Creek Reservoir,0.0048
2036-06-30,Squaw Creek Reservoir,0.0048
2036-07-01,Squaw Creek Reservoir,0.0048
2036-07-02,Squaw Creek Reservoir,0.0048
2036-07-03,Squaw Creek Reservoir,0.0048
2036-07-04,Squaw Creek Reservoir,0.0048
2036-07-05,Squaw Creek Reservoir,0.0047
2036-07-06,Squaw Creek Reservoir,0.0047
2036-07-07,Squaw Creek Reservoir,0.017
2036-07-08,Squaw Creek Reservoir,0.0055
2036-07-09,Squaw Creek Reservoir,0.0048
2036-07-10,Squaw Creek Reservoir,0.0046
2036-07-11,Squaw Creek Reservoir,0.0062
2036-07-12,Squaw Creek Reservoir,0.0052
2036-07-13,Squaw Creek Reservoir,0.0046
2036-07-14,Squaw Creek Reservoir,0.0045
2036-07-15,Squaw Creek Reservoir,0.0046
2036-07-16,Squaw Creek Reservoir,0.0049
2036-07-17,Squaw Creek Reservoir,0.0045
2036-07-18,Squaw Creek Reservoir,0.0045
2036-07-19,Squaw Creek Reservoir,0.0046
2036-07-20,Squaw Creek Reservoir,0.0045
2036-07-21,Squaw Creek Reservoir,0.0044
2036-07-22,Squaw Creek Reservoir,0.0046
2036-07-23,Squaw Creek Reservoir,0.0043
2036-07-24,Squaw Creek Reservoir,0.0043
2036-07-25,Squaw Creek Reservoir,0.0043
2036-07-26,Squaw Creek Reservoir,0.0042
2036-07-27,Squaw Creek Reservoir,0.0042
2036-07-28,Squaw Creek Reservoir,0.0042
2036-07-29,Squaw Creek Reservoir,0.0042
2036-07-30,Squaw Creek Reservoir,0.0042
2036-07-31,Squaw Creek Reservoir,0.0041
2036-08-01,Squaw Creek Reservoir,0.0041
2036-08-02,Squaw Creek Reservoir,0.0522
2036-08-03,Squaw Creek Reservoir,0.328
2036-08-04,Squaw Creek Reservoir,0.052
2036-08-05,Squaw Creek Reservoir,0.1124
2036-08-06,Squaw Creek Reservoir,0.055
2036-08-07,Squaw Creek Reservoir,0.0417
2036-08-08,Squaw Creek Reservoir,0.035
2036-08-09,Squaw Creek Reservoir,0.0303
2036-08-10,Squaw Creek Reservoir,0.0259
2036-08-11,Squaw Creek Reservoir,0.0227
2036-08-12,Squaw Creek Reservoir,0.0202
2036-08-13,Squaw Creek Reservoir,0.018
2036-08-14,Squaw Creek Reservoir,0.0164
2036-08-15,Squaw Creek Reservoir,0.0151
2036-08-16,Squaw Creek Reservoir,0.0139
2036-08-17,Squaw Creek Reservoir,0.1185
2036-08-18,Squaw Creek Reservoir,0.0134
2036-08-19,Squaw Creek Reservoir,0.0176
2036-08-20,Squaw Creek Reservoir,0.0231
2036-08-21,Squaw Creek Reservoir,0.0119
2036-08-22,Squaw Creek Reservoir,0.0117
2036-08-23,Squaw Creek Reservoir,0.0107
2036-08-24,Squaw Creek Reservoir,0.0118
2036-08-25,Squaw Creek Reservoir,0.0112
2036-08-26,Squaw Creek Reservoir,0.0121
2036-08-27,Squaw Creek Reservoir,0.0089
2036-08-28,Squaw Creek Reservoir,0.0084
2036-08-29,Squaw Creek Reservoir,0.008
2036-08-30,Squaw Creek Reservoir,0.0077
2036-08-31,Squaw Creek Reservoir,0.0074
2036-09-01,Squaw Creek Reservoir,0.0072
2036-09-02,Squaw Creek Reservoir,0.0097
2036-09-03,Squaw Creek Reservoir,0.0067
2036-09-04,Squaw Creek Reservoir,0.0065
2036-09-05,Squaw Creek Reservoir,0.0063
2036-09-06,Squaw Creek Reservoir,0.0075
2036-09-07,Squaw Creek Reservoir,0.093
2036-09-08,Squaw Creek Reservoir,0.0058
2036-09-09,Squaw Creek Reservoir,0.0353
2036-09-10,Squaw Creek Reservoir,0.0224
2036-09-11,Squaw Creek Reservoir,0.0056
2036-09-12,Squaw Creek Reservoir,0.0057
2036-09-13,Squaw Creek Reservoir,0.0056
2036-09-14,Squaw Creek Reservoir,0.0064
2036-09-15,Squaw Creek Reservoir,0.0128
2036-09-16,Squaw Creek Reservoir,0.1376
2036-09-17,Squaw Creek Reservoir,0.1534
2036-09-18,Squaw Creek Reservoir,0.0404
2036-09-19,Squaw Creek Reservoir,0.0342
2036-09-20,Squaw Creek Reservoir,0.0282
2036-09-21,Squaw Creek Reservoir,0.027
2036-09-22,Squaw Creek Reservoir,0.0204
2036-09-23,Squaw Creek Reservoir,0.0181
2036-09-24,Squaw Creek Reservoir,0.0162
2036-09-25,Squaw Creek Reservoir,0.0148
2036-09-26,Squaw Creek Reservoir,0.0135
2036-09-27,Squaw Creek Reservoir,0.0125
2036-09-28,Squaw Creek Reservoir,0.0117
2036-09-29,Squaw Creek Reservoir,0.0109
2036-09-30,Squaw Creek Reservoir,0.0103
2036-10-01,Squaw Creek Reservoir,0.0097
2036-10-02,Squaw Creek Reservoir,0.0094
2036-10-03,Squaw Creek Reservoir,0.0087
2036-10-04,Squaw Creek Reservoir,0.0083
2036-10-05,Squaw Creek Reservoir,0.008
2036-10-06,Squaw Creek Reservoir,0.0076
2036-10-07,Squaw Creek Reservoir,0.0073
2036-10-08,Squaw Creek Reservoir,0.0104
2036-10-09,Squaw Creek Reservoir,0.1725
2036-10-10,Squaw Creek Reservoir,0.0156
2036-10-11,Squaw Creek Reservoir,0.0569
2036-10-12,Squaw Creek Reservoir,0.0288
2036-10-13,Squaw Creek Reservoir,0.0246
2036-10-14,Squaw Creek Reservoir,0.0149
2036-10-15,Squaw Creek Reservoir,0.0133
2036-10-16,Squaw Creek Reservoir,0.1249
2036-10-17,Squaw Creek Reservoir,0.0952
2036-10-18,Squaw Creek Reservoir,0.0349
2036-10-19,Squaw Creek Reservoir,0.0321
2036-10-20,Squaw Creek Reservoir,0.0265
2036-10-21,Squaw Creek Reservoir,0.023
2036-10-22,Squaw Creek Reservoir,0.0203
2036-10-23,Squaw Creek Reservoir,0.0182
2036-10-24,Squaw Creek Reservoir,0.0166
2036-10-25,Squaw Creek Reservoir,0.0152
2036-10-26,Squaw Creek Reservoir,0.014
2036-10-27,Squaw Creek Reservoir,0.013
2036-10-28,Squaw Creek Reservoir,0.0122
2036-10-29,Squaw Creek Reservoir,0.0116
2036-10-30,Squaw Creek Reservoir,0.0108
2036-10-31,Squaw Creek Reservoir,0.0103
2036-11-01,Squaw Creek Reservoir,0.0096
2036-11-02,Squaw Creek Reservoir,0.0092
2036-11-03,Squaw Creek Reservoir,0.0087
2036-11-04,Squaw Creek Reservoir,0.0084
2036-11-05,Squaw Creek Reservoir,0.008
2036-11-06,Squaw Creek Reservoir,0.0077
2036-11-07,Squaw Creek Reservoir,0.0074
2036-11-08,Squaw Creek Reservoir,0.0071
2036-11-09,Squaw Creek Reservoir,0.0069
2036-11-10,Squaw Creek Reservoir,0.0068
2036-11-11,Squaw Creek Reservoir,0.0066
2036-11-12,Squaw Creek Reservoir,0.0062
2036-11-13,Squaw Creek Reservoir,0.006
2036-11-14,Squaw Creek Reservoir,0.0059
2036-11-15,Squaw Creek Reservoir,0.0058
2036-11-16,Squaw Creek Reservoir,0.0056
2036-11-17,Squaw Creek Reservoir,0.0054
2036-11-18,Squaw Creek Reservoir,0.0053
2036-11-19,Squaw Creek Reservoir,0.0052
2036-11-20,Squaw Creek Reservoir,0.0052
2036-11-21,Squaw Creek Reservoir,0.0051
2036-11-22,Squaw Creek Reservoir,0.0051
2036-11-23,Squaw Creek Reservoir,0.0146
2036-11-24,Squaw Creek Reservoir,0.0072
2036-11-25,Squaw Creek Reservoir,0.0049
2036-11-26,Squaw Creek Reservoir,0.0049
2036-11-27,Squaw Creek Reservoir,0.0049
2036-11-28,Squaw Creek Reservoir,0.0157
2036-11-29,Squaw Creek Reservoir,0.0049
2036-11-30,Squaw Creek Reservoir,0.0085
2036-12-01,Squaw Creek Reservoir,0.005
2036-12-02,Squaw Creek Reservoir,0.0743
2036-12-03,Squaw Creek Reservoir,0.1117
2036-12-04,Squaw Creek Reservoir,0.0278
2036-12-05,Squaw Creek Reservoir,0.0091
2036-12-06,Squaw Creek Reservoir,0.0069
2036-12-07,Squaw Creek Reservoir,0.0075
2036-12-08,Squaw Creek Reservoir,0.0087
2036-12-09,Squaw Creek Reservoir,0.0089
2036-12-10,Squaw Creek Reservoir,0.0086
2036-12-11,Squaw Creek Reservoir,0.0082
2036-12-12,Squaw Creek Reservoir,0.0079
2036-12-13,Squaw Creek Reservoir,0.0077
2036-12-14,Squaw Creek Reservoir,0.0076
2036-12-15,Squaw Creek Reservoir,0.0082
2036-12-16,Squaw Creek Reservoir,0.0068
2036-12-17,Squaw Creek Reservoir,0.0065
2036-12-18,Squaw Creek Reservoir,0.0063
2036-12-19,Squaw Creek Reservoir,0.0061
2036-12-20,Squaw Creek Reservoir,0.0059
2036-12-21,Squaw Creek Reservoir,0.0077
2036-12-22,Squaw Creek Reservoir,0.0056
2036-12-23,Squaw Creek Reservoir,0.0055
2036-12-24,Squaw Creek Reservoir,0.0054
2036-12-25,Squaw Creek Reservoir,0.0053
2036-12-26,Squaw Creek Reservoir,0.0053
2036-12-27,Squaw Creek Reservoir,0.0051
2036-12-28,Squaw Creek Reservoir,0.0051
2036-12-29,Squaw Creek Reservoir,0.005
2036-12-30,Squaw Creek Reservoir,0.005
2036-12-31,Squaw Creek Reservoir,0.005
2037-01-01,Squaw Creek Reservoir,0.005
2037-01-02,Squaw Creek Reservoir,0.005
2037-01-03,Squaw Creek Reservoir,0.0049
2037-01-04,Squaw Creek Reservoir,0.0048
2037-01-05,Squaw Creek Reservoir,0.0048
2037-01-06,Squaw Creek Reservoir,0.0048
2037-01-07,Squaw Creek Reservoir,0.0048
2037-01-08,Squaw Creek Reservoir,0.0047
2037-01-09,Squaw Creek Reservoir,0.0047
2037-01-10,Squaw Creek Reservoir,0.0047
2037-01-11,Squaw Creek Reservoir,0.0047
2037-01-12,Squaw Creek Reservoir,0.0047
2037-01-13,Squaw Creek Reservoir,0.0047
2037-01-14,Squaw Creek Reservoir,0.01
2037-01-15,Squaw Creek Reservoir,0.0048
2037-01-16,Squaw Creek Reservoir,0.0046
2037-01-17,Squaw Creek Reservoir,0.0046
2037-01-18,Squaw Creek Reservoir,0.0046
2037-01-19,Squaw Creek Reservoir,0.0046
2037-01-20,Squaw Creek Reservoir,0.0045
2037-01-21,Squaw Creek Reservoir,0.0045
2037-01-22,Squaw Creek Reservoir,0.0045
2037-01-23,Squaw Creek Reservoir,0.0044
2037-01-24,Squaw Creek Reservoir,0.0044
2037-01-25,Squaw Creek Reservoir,0.0044
2037-01-26,Squaw Creek Reservoir,0.0697
2037-01-27,Squaw Creek Reservoir,0.0589
2037-01-28,Squaw Creek Reservoir,0.0089
2037-01-29,Squaw Creek Reservoir,0.0453
2037-01-30,Squaw Creek Reservoir,0.0122
2037-01-31,Squaw Creek Reservoir,0.0047
2037-02-01,Squaw Creek Reservoir,0.0043
2037-02-02,Squaw Creek Reservoir,0.0042
2037-02-03,Squaw Creek Reservoir,0.0042
2037-02-04,Squaw Creek Reservoir,0.0042
2037-02-05,Squaw Creek Reservoir,0.0044
2037-02-06,Squaw Creek Reservoir,0.0595
2037-02-07,Squaw Creek Reservoir,0.0302
2037-02-08,Squaw Creek Reservoir,0.0425
2037-02-09,Squaw Creek Reservoir,0.0188
2037-02-10,Squaw Creek Reservoir,0.1114
2037-02-11,Squaw Creek Reservoir,0.1167
2037-02-12,Squaw Creek Reservoir,0.0098
2037-02-13,Squaw Creek Reservoir,0.0099
2037-02-14,Squaw Creek Reservoir,0.0122
2037-02-15,Squaw Creek Reservoir,0.0164
2037-02-16,Squaw Creek Reservoir,0.0169
2037-02-17,Squaw Creek Reservoir,0.0159
2037-02-18,Squaw Creek Reservoir,0.0148
2037-02-19,Squaw Creek Reservoir,0.0136
2037-02-20,Squaw Creek Reservoir,0.0127
2037-02-21,Squaw Creek Reservoir,0.0119
2037-02-22,Squaw Creek Reservoir,0.0112
2037-02-23,Squaw Creek Reservoir,0.0105
2037-02-24,Squaw Creek Reservoir,0.01
2037-02-25,Squaw Creek Reservoir,0.0095
2037-02-26,Squaw Creek Reservoir,0.009
2037-02-27,Squaw Creek Reservoir,0.0087
2037-02-28,Squaw Creek Reservoir,0.0083
2037-03-01,Squaw Creek Reservoir,0.008
2037-03-02,Squaw Creek Reservoir,0.0076
2037-03-03,Squaw Creek Reservoir,0.0073
2037-03-04,Squaw Creek Reservoir,0.0071
2037-03-05,Squaw Creek Reservoir,0.0068
2037-03-06,Squaw Creek Reservoir,0.0066
2037-03-07,Squaw Creek Reservoir,0.0066
2037-03-08,Squaw Creek Reservoir,0.0071
2037-03-09,Squaw Creek Reservoir,0.0061
2037-03-10,Squaw Creek Reservoir,0.0058
2037-03-11,Squaw Creek Reservoir,0.0057
2037-03-12,Squaw Creek Reservoir,0.0056
2037-03-13,Squaw Creek Reservoir,0.0054
2037-03-14,Squaw Creek Reservoir,0.0053
2037-03-15,Squaw Creek Reservoir,0.0052
2037-03-16,Squaw Creek Reservoir,0.0052
2037-03-17,Squaw Creek Reservoir,0.0054
2037-03-18,Squaw Creek Reservoir,0.0051
2037-03-19,Squaw Creek Reservoir,0.0068
2037-03-20,Squaw Creek Reservoir,0.0052
2037-03-21,Squaw Creek Reservoir,0.0049
2037-03-22,Squaw Creek Reservoir,0.005
2037-03-23,Squaw Creek Reservoir,0.0048
2037-03-24,Squaw Creek Reservoir,0.0048
2037-03-25,Squaw Creek Reservoir,0.0048
2037-03-26,Squaw Creek Reservoir,0.0048
2037-03-27,Squaw Creek Reservoir,0.0048
2037-03-28,Squaw Creek Reservoir,0.0048
2037-03-29,Squaw Creek Reservoir,0.0048
2037-03-30,Squaw Creek Reservoir,0.0066
2037-03-31,Squaw Creek Reservoir,0.0048
2037-04-01,Squaw Creek Reservoir,0.0047
2037-04-02,Squaw Creek Reservoir,0.0047
2037-04-03,Squaw Creek Reservoir,0.0047
2037-04-04,Squaw Creek Reservoir,0.0046
2037-04-05,Squaw Creek Reservoir,0.0594
2037-04-06,Squaw Creek Reservoir,0.0047
2037-04-07,Squaw Creek Reservoir,0.0216
2037-04-08,Squaw Creek Reservoir,0.0048
2037-04-09,Squaw Creek Reservoir,0.0046
2037-04-10,Squaw Creek Reservoir,0.0045
2037-04-11,Squaw Creek Reservoir,0.0045
2037-04-12,Squaw Creek Reservoir,0.0045
2037-04-13,Squaw Creek Reservoir,0.0045
2037-04-14,Squaw Creek Reservoir,0.0044
2037-04-15,Squaw Creek Reservoir,0.0044
2037-04-16,Squaw Creek Reservoir,0.0094
2037-04-17,Squaw Creek Reservoir,0.0045
2037-04-18,Squaw Creek Reservoir,0.0044
2037-04-19,Squaw Creek Reservoir,0.0103
2037-04-20,Squaw Creek Reservoir,0.0043
2037-04-21,Squaw Creek Reservoir,0.0043
2037-04-22,Squaw Creek Reservoir,0.0042
2037-04-23,Squaw Creek Reservoir,0.0059
2037-04-24,Squaw Creek Reservoir,0.0046
2037-04-25,Squaw Creek Reservoir,0.0338
2037-04-26,Squaw Creek Reservoir,0.0124
2037-04-27,Squaw Creek Reservoir,0.011
2037-04-28,Squaw Creek Reservoir,0.0041
2037-04-29,Squaw Creek Reservoir,0.0041
2037-04-30,Squaw Creek Reservoir,0.0044
2037-05-01,Squaw Creek Reservoir,0.0497
2037-05-02,Squaw Creek Reservoir,0.0672
2037-05-03,Squaw Creek Reservoir,0.004
2037-05-04,Squaw Creek Reservoir,0.004
2037-05-05,Squaw Creek Reservoir,0.0039
2037-05-06,Squaw Creek Reservoir,0.0039
2037-05-07,Squaw Creek Reservoir,0.0039
2037-05-08,Squaw Creek Reservoir,0.0042
2037-05-09,Squaw Creek Reservoir,0.0234
2037-05-10,Squaw Creek Reservoir,0.0039
2037-05-11,Squaw Creek Reservoir,0.1114
2037-05-12,Squaw Creek Reservoir,0.0039
2037-05-13,Squaw Creek Reservoir,0.004
2037-05-14,Squaw Creek Reservoir,0.0038
2037-05-15,Squaw Creek Reservoir,0.0038
2037-05-16,Squaw Creek Reservoir,0.0037
2037-05-17,Squaw Creek Reservoir,0.0037
2037-05-18,Squaw Creek Reservoir,0.0037
2037-05-19,Squaw Creek Reservoir,0.0037
2037-05-20,Squaw Creek Reservoir,0.0037
2037-05-21,Squaw Creek Reservoir,0.0037
2037-05-22,Squaw Creek Reservoir,0.0328
2037-05-23,Squaw Creek Reservoir,0.0367
2037-05-24,Squaw Creek Reservoir,0.0047
2037-05-25,Squaw Creek Reservoir,0.0048
2037-05-26,Squaw Creek Reservoir,0.0136
2037-05-27,Squaw Creek Reservoir,0.0217
2037-05-28,Squaw Creek Reservoir,0.0036
2037-05-29,Squaw Creek Reservoir,0.0038
2037-05-30,Squaw Creek Reservoir,0.0216
2037-05-31,Squaw Creek Reservoir,0.0074
2037-06-01,Squaw Creek Reservoir,0.0047
2037-06-02,Squaw Creek Reservoir,0.0229
2037-06-03,Squaw Creek Reservoir,0.0196
2037-06-04,Squaw Creek Reservoir,0.0035
2037-06-05,Squaw Creek Reservoir,0.0035
2037-06-06,Squaw Creek Reservoir,0.0034
2037-06-07,Squaw Creek Reservoir,0.0034
2037-06-08,Squaw Creek Reservoir,0.0034
2037-06-09,Squaw Creek Reservoir,0.0034
2037-06-10,Squaw Creek Reservoir,0.0034
2037-06-11,Squaw Creek Reservoir,0.0034
2037-06-12,Squaw Creek Reservoir,0.0064
2037-06-13,Squaw Creek Reservoir,0.0039
2037-06-14,Squaw Creek Reservoir,0.2053
2037-06-15,Squaw Creek Reservoir,0.0277
2037-06-16,Squaw Creek Reservoir,0.0034
2037-06-17,Squaw Creek Reservoir,0.0034
2037-06-18,Squaw Creek Reservoir,0.0036
2037-06-19,Squaw Creek Reservoir,0.0039
2037-06-20,Squaw Creek Reservoir,0.004
2037-06-21,Squaw Creek Reservoir,0.0038
2037-06-22,Squaw Creek Reservoir,0.0038
2037-06-23,Squaw Creek Reservoir,0.0036
2037-06-24,Squaw Creek Reservoir,0.0036
2037-06-25,Squaw Creek Reservoir,0.0043
2037-06-26,Squaw Creek Reservoir,0.0038
2037-06-27,Squaw Creek Reservoir,0.0036
2037-06-28,Squaw Creek Reservoir,0.0036
2037-06-29,Squaw Creek Reservoir,0.0036
2037-06-30,Squaw Creek Reservoir,0.0038
2037-07-01,Squaw Creek Reservoir,0.0036
2037-07-02,Squaw Creek Reservoir,0.0037
2037-07-03,Squaw Creek Reservoir,0.0039
2037-07-04,Squaw Creek Reservoir,0.009
2037-07-05,Squaw Creek Reservoir,0.0065
2037-07-06,Squaw Creek Reservoir,0.0039
2037-07-07,Squaw Creek Reservoir,0.0036
2037-07-08,Squaw Creek Reservoir,0.0037
2037-07-09,Squaw Creek Reservoir,0.0038
2037-07-10,Squaw Creek Reservoir,0.0269
2037-07-11,Squaw Creek Reservoir,0.0133
2037-07-12,Squaw Creek Reservoir,0.04
2037-07-13,Squaw Creek Reservoir,0.0566
2037-07-14,Squaw Creek Reservoir,0.0252
2037-07-15,Squaw Creek Reservoir,0.0037
2037-07-16,Squaw Creek Reservoir,0.0037
2037-07-17,Squaw Creek Reservoir,0.0037
2037-07-18,Squaw Creek Reservoir,0.0037
2037-07-19,Squaw Creek Reservoir,0.0037
2037-07-20,Squaw Creek Reservoir,0.0037
2037-07-21,Squaw Creek Reservoir,0.0038
2037-07-22,Squaw Creek Reservoir,0.0038
2037-07-23,Squaw Creek Reservoir,0.0038
2037-07-24,Squaw Creek Reservoir,0.0038
2037-07-25,Squaw Creek Reservoir,0.0038
2037-07-26,Squaw Creek Reservoir,0.0038
2037-07-27,Squaw Creek Reservoir,0.019
2037-07-28,Squaw Creek Reservoir,0.0038
2037-07-29,Squaw Creek Reservoir,0.0038
2037-07-30,Squaw Creek Reservoir,0.0065
2037-07-31,Squaw Creek Reservoir,0.0062
2037-08-01,Squaw Creek Reservoir,0.0045
2037-08-02,Squaw Creek Reservoir,0.0038
2037-08-03,Squaw Creek Reservoir,0.0038
2037-08-04,Squaw Creek Reservoir,0.0038
2037-08-05,Squaw Creek Reservoir,0.0038
2037-08-06,Squaw Creek Reservoir,0.0042
2037-08-07,Squaw Creek Reservoir,0.0038
2037-08-08,Squaw Creek Reservoir,0.0038
2037-08-09,Squaw Creek Reservoir,0.0115
2037-08-10,Squaw Creek Reservoir,0.007
2037-08-11,Squaw Creek Reservoir,0.0037
2037-08-12,Squaw Creek Reservoir,0.0037
2037-08-13,Squaw Creek Reservoir,0.0037
2037-08-14,Squaw Creek Reservoir,0.0037
2037-08-15,Squaw Creek Reservoir,0.0037
2037-08-16,Squaw Creek Reservoir,0.0036
2037-08-17,Squaw Creek Reservoir,0.0036
2037-08-18,Squaw Creek Reservoir,0.0036
2037-08-19,Squaw Creek Reservoir,0.0036
2037-08-20,Squaw Creek Reservoir,0.0036
2037-08-21,Squaw Creek Reservoir,0.0114
2037-08-22,Squaw Creek Reservoir,0.0036
2037-08-23,Squaw Creek Reservoir,0.0036
2037-08-24,Squaw Creek Reservoir,0.0042
2037-08-25,Squaw Creek Reservoir,0.0035
2037-08-26,Squaw Creek Reservoir,0.0035
2037-08-27,Squaw Creek Reservoir,0.028
2037-08-28,Squaw Creek Reservoir,0.0035
2037-08-29,Squaw Creek Reservoir,0.0036
2037-08-30,Squaw Creek Reservoir,0.0038
2037-08-31,Squaw Creek Reservoir,0.0127
2037-09-01,Squaw Creek Reservoir,0.0687
2037-09-02,Squaw Creek Reservoir,0.1579
2037-09-03,Squaw Creek Reservoir,0.0136
2037-09-04,Squaw Creek Reservoir,0.0048
2037-09-05,Squaw Creek Reservoir,0.0038
2037-09-06,Squaw Creek Reservoir,0.0039
2037-09-07,Squaw Creek Reservoir,0.0046
2037-09-08,Squaw Creek Reservoir,0.2704
2037-09-09,Squaw Creek Reservoir,0.0822
2037-09-10,Squaw Creek Reservoir,0.0538
2037-09-11,Squaw Creek Reservoir,0.0384
2037-09-12,Squaw Creek Reservoir,0.0296
2037-09-13,Squaw Creek Reservoir,0.0241
2037-09-14,Squaw Creek Reservoir,0.0204
2037-09-15,Squaw Creek Reservoir,0.0178
2037-09-16,Squaw Creek Reservoir,0.018
2037-09-17,Squaw Creek Reservoir,0.035
2037-09-18,Squaw Creek Reservoir,0.0129
2037-09-19,Squaw Creek Reservoir,0.0135
2037-09-20,Squaw Creek Reservoir,0.0982
2037-09-21,Squaw Creek Reservoir,0.0161
2037-09-22,Squaw Creek Reservoir,0.0446
2037-09-23,Squaw Creek Reservoir,0.0174
2037-09-24,Squaw Creek Reservoir,1.0549
2037-09-25,Squaw Creek Reservoir,0.3711
2037-09-26,Squaw Creek Reservoir,0.2151
2037-09-27,Squaw Creek Reservoir,0.1046
2037-09-28,Squaw Creek Reservoir,0.0667
2037-09-29,Squaw Creek Reservoir,0.0496
2037-09-30,Squaw Creek Reservoir,0.0396
2037-10-01,Squaw Creek Reservoir,0.0331
2037-10-02,Squaw Creek Reservoir,0.0479
2037-10-03,Squaw Creek Reservoir,0.0369
2037-10-04,Squaw Creek Reservoir,0.0463
2037-10-05,Squaw Creek Reservoir,0.0208
2037-10-06,Squaw Creek Reservoir,0.0185
2037-10-07,Squaw Creek Reservoir,0.0171
2037-10-08,Squaw Creek Reservoir,0.0161
2037-10-09,Squaw Creek Reservoir,0.0148
2037-10-10,Squaw Creek Reservoir,0.014
2037-10-11,Squaw Creek Reservoir,0.0132
2037-10-12,Squaw Creek Reservoir,0.0126
2037-10-13,Squaw Creek Reservoir,0.0119
2037-10-14,Squaw Creek Reservoir,0.0204
2037-10-15,Squaw Creek Reservoir,0.0108
2037-10-16,Squaw Creek Reservoir,0.0104
2037-10-17,Squaw Creek Reservoir,0.0134
2037-10-18,Squaw Creek Reservoir,0.0118
2037-10-19,Squaw Creek Reservoir,0.0297
2037-10-20,Squaw Creek Reservoir,0.1353
2037-10-21,Squaw Creek Reservoir,0.2809
2037-10-22,Squaw Creek Reservoir,0.0278
2037-10-23,Squaw Creek Reservoir,0.0293
2037-10-24,Squaw Creek Reservoir,0.0269
2037-10-25,Squaw Creek Reservoir,0.1331
2037-10-26,Squaw Creek Reservoir,1.5525
2037-10-27,Squaw Creek Reservoir,1.3119
2037-10-28,Squaw Creek Reservoir,1.5239
2037-10-29,Squaw Creek Reservoir,1.1403
2037-10-30,Squaw Creek Reservoir,0.8808
2037-10-31,Squaw Creek Reservoir,0.6904
2037-11-01,Squaw Creek Reservoir,0.5814
2037-11-02,Squaw Creek Reservoir,0.5382
2037-11-03,Squaw Creek Reservoir,0.6632
2037-11-04,Squaw Creek Reservoir,0.6317
2037-11-05,Squaw Creek Reservoir,0.5723
2037-11-06,Squaw Creek Reservoir,0.4688
2037-11-07,Squaw Creek Reservoir,0.3872
2037-11-08,Squaw Creek Reservoir,0.3266
2037-11-09,Squaw Creek Reservoir,0.2869
2037-11-10,Squaw Creek Reservoir,0.2505
2037-11-11,Squaw Creek Reservoir,0.2182
2037-11-12,Squaw Creek Reservoir,0.19
2037-11-13,Squaw Creek Reservoir,0.1665
2037-11-14,Squaw Creek Reservoir,0.1483
2037-11-15,Squaw Creek Reservoir,0.133
2037-11-16,Squaw Creek Reservoir,0.1207
2037-11-17,Squaw Creek Reservoir,0.1131
2037-11-18,Squaw Creek Reservoir,0.106
2037-11-19,Squaw Creek Reservoir,0.1046
2037-11-20,Squaw Creek Reservoir,0.094
2037-11-21,Squaw Creek Reservoir,0.0884
2037-11-22,Squaw Creek Reservoir,0.0828
2037-11-23,Squaw Creek Reservoir,0.0782
2037-11-24,Squaw Creek Reservoir,0.0739
2037-11-25,Squaw Creek Reservoir,0.0702
2037-11-26,Squaw Creek Reservoir,0.0671
2037-11-27,Squaw Creek Reservoir,0.0646
2037-11-28,Squaw Creek Reservoir,0.0625
2037-11-29,Squaw Creek Reservoir,0.0607
2037-11-30,Squaw Creek Reservoir,0.059
2037-12-01,Squaw Creek Reservoir,0.0574
2037-12-02,Squaw Creek Reservoir,0.0561
2037-12-03,Squaw Creek Reservoir,0.0548
2037-12-04,Squaw Creek Reservoir,0.0536
2037-12-05,Squaw Creek Reservoir,0.0526
2037-12-06,Squaw Creek Reservoir,0.0515
2037-12-07,Squaw Creek Reservoir,0.0507
2037-12-08,Squaw Creek Reservoir,0.0499
2037-12-09,Squaw Creek Reservoir,0.0553
2037-12-10,Squaw Creek Reservoir,0.0484
2037-12-11,Squaw Creek Reservoir,0.0478
2037-12-12,Squaw Creek Reservoir,0.2496
2037-12-13,Squaw Creek Reservoir,0.047
2037-12-14,Squaw Creek Reservoir,0.0475
2037-12-15,Squaw Creek Reservoir,0.0478
2037-12-16,Squaw Creek Reservoir,0.0906
2037-12-17,Squaw Creek Reservoir,0.0519
2037-12-18,Squaw Creek Reservoir,0.0485
2037-12-19,Squaw Creek Reservoir,0.0486
2037-12-20,Squaw Creek Reservoir,0.0486
2037-12-21,Squaw Creek Reservoir,0.0484
2037-12-22,Squaw Creek Reservoir,0.0481
2037-12-23,Squaw Creek Reservoir,0.0697
2037-12-24,Squaw Creek Reservoir,0.0473
2037-12-25,Squaw Creek Reservoir,0.0763
2037-12-26,Squaw Creek Reservoir,0.0469
2037-12-27,Squaw Creek Reservoir,0.047
2037-12-28,Squaw Creek Reservoir,0.0468
2037-12-29,Squaw Creek Reservoir,0.0571
2037-12-30,Squaw Creek Reservoir,0.0495
2037-12-31,Squaw Creek Reservoir,0.0472
2038-01-01,Squaw Creek Reservoir,0.0457
2038-01-02,Squaw Creek Reservoir,0.0453
2038-01-03,Squaw Creek Reservoir,0.0449
2038-01-04,Squaw Creek Reservoir,0.0444
2038-01-05,Squaw Creek Reservoir,0.0446
2038-01-06,Squaw Creek Reservoir,0.044
2038-01-07,Squaw Creek Reservoir,0.043
2038-01-08,Squaw Creek Reservoir,0.0425
2038-01-09,Squaw Creek Reservoir,0.042
2038-01-10,Squaw Creek Reservoir,0.0416
2038-01-11,Squaw Creek Reservoir,0.0414
2038-01-12,Squaw Creek Reservoir,0.0408
2038-01-13,Squaw Creek Reservoir,0.0403
2038-01-14,Squaw Creek Reservoir,0.0398
2038-01-15,Squaw Creek Reservoir,0.0394
2038-01-16,Squaw Creek Reservoir,0.0389
2038-01-17,Squaw Creek Reservoir,0.0385
2038-01-18,Squaw Creek Reservoir,0.0381
2038-01-19,Squaw Creek Reservoir,0.0377
2038-01-20,Squaw Creek Reservoir,0.0373
2038-01-21,Squaw Creek Reservoir,0.116
2038-01-22,Squaw Creek Reservoir,0.039
2038-01-23,Squaw Creek Reservoir,0.0409
2038-01-24,Squaw Creek Reservoir,0.122
2038-01-25,Squaw Creek Reservoir,0.0364
2038-01-26,Squaw Creek Reservoir,0.0366
2038-01-27,Squaw Creek Reservoir,0.0365
2038-01-28,Squaw Creek Reservoir,0.0365
2038-01-29,Squaw Creek Reservoir,0.0365
2038-01-30,Squaw Creek Reservoir,0.0592
2038-01-31,Squaw Creek Reservoir,0.0452
2038-02-01,Squaw Creek Reservoir,0.0431
2038-02-02,Squaw Creek Reservoir,0.0359
2038-02-03,Squaw Creek Reservoir,0.0358
2038-02-04,Squaw Creek Reservoir,0.0356
2038-02-05,Squaw Creek Reservoir,0.0465
2038-02-06,Squaw Creek Reservoir,0.0351
2038-02-07,Squaw Creek Reservoir,0.0349
2038-02-08,Squaw Creek Reservoir,0.0347
2038-02-09,Squaw Creek Reservoir,0.0679
2038-02-10,Squaw Creek Reservoir,0.0357
2038-02-11,Squaw Creek Reservoir,0.0341
2038-02-12,Squaw Creek Reservoir,0.0339
2038-02-13,Squaw Creek Reservoir,0.0337
2038-02-14,Squaw Creek Reservoir,0.0334
2038-02-15,Squaw Creek Reservoir,0.0331
2038-02-16,Squaw Creek Reservoir,0.0401
2038-02-17,Squaw Creek Reservoir,0.3146
2038-02-18,Squaw Creek Reservoir,0.0522
2038-02-19,Squaw Creek Reservoir,0.0393
2038-02-20,Squaw Creek Reservoir,0.0425
2038-02-21,Squaw Creek Reservoir,0.0465
2038-02-22,Squaw Creek Reservoir,0.0472
2038-02-23,Squaw Creek Reservoir,0.0463
2038-02-24,Squaw Creek Reservoir,0.0478
2038-02-25,Squaw Creek Reservoir,0.0445
2038-02-26,Squaw Creek Reservoir,0.0434
2038-02-27,Squaw Creek Reservoir,0.0425
2038-02-28,Squaw Creek Reservoir,0.1319
2038-03-01,Squaw Creek Reservoir,0.0422
2038-03-02,Squaw Creek Reservoir,0.043
2038-03-03,Squaw Creek Reservoir,0.0427
2038-03-04,Squaw Creek Reservoir,0.042
2038-03-05,Squaw Creek Reservoir,0.0412
2038-03-06,Squaw Creek Reservoir,0.0416
2038-03-07,Squaw Creek Reservoir,0.0393
2038-03-08,Squaw Creek Reservoir,0.0383
2038-03-09,Squaw Creek Reservoir,0.0373
2038-03-10,Squaw Creek Reservoir,0.0428
2038-03-11,Squaw Creek Reservoir,0.0359
2038-03-12,Squaw Creek Reservoir,0.047
2038-03-13,Squaw Creek Reservoir,0.0345
2038-03-14,Squaw Creek Reservoir,0.0342
2038-03-15,Squaw Creek Reservoir,0.0335
2038-03-16,Squaw Creek Reservoir,0.0329
2038-03-17,Squaw Creek Reservoir,0.0324
2038-03-18,Squaw Creek Reservoir,0.0319
2038-03-19,Squaw Creek Reservoir,0.0313
2038-03-20,Squaw Creek Reservoir,0.031
2038-03-21,Squaw Creek Reservoir,0.0563
2038-03-22,Squaw Creek Reservoir,0.0848
2038-03-23,Squaw Creek Reservoir,0.0297
2038-03-24,Squaw Creek Reservoir,0.0294
2038-03-25,Squaw Creek Reservoir,0.0486
2038-03-26,Squaw Creek Reservoir,0.0322
2038-03-27,Squaw Creek Reservoir,0.0287
2038-03-28,Squaw Creek Reservoir,0.0287
2038-03-29,Squaw Creek Reservoir,0.0281
2038-03-30,Squaw Creek Reservoir,0.0783
2038-03-31,Squaw Creek Reservoir,0.2131
2038-04-01,Squaw Creek Reservoir,0.0287
2038-04-02,Squaw Creek Reservoir,0.0305
2038-04-03,Squaw Creek Reservoir,0.0317
2038-04-04,Squaw Creek Reservoir,0.1318
2038-04-05,Squaw Creek Reservoir,0.0342
2038-04-06,Squaw Creek Reservoir,0.0355
2038-04-07,Squaw Creek Reservoir,0.102
2038-04-08,Squaw Creek Reservoir,0.0375
2038-04-09,Squaw Creek Reservoir,0.0387
2038-04-10,Squaw Creek Reservoir,0.0396
2038-04-11,Squaw Creek Reservoir,0.0396
2038-04-12,Squaw Creek Reservoir,0.0386
2038-04-13,Squaw Creek Reservoir,0.0464
2038-04-14,Squaw Creek Reservoir,0.0512
2038-04-15,Squaw Creek Reservoir,0.0365
2038-04-16,Squaw Creek Reservoir,0.0358
2038-04-17,Squaw Creek Reservoir,0.0348
2038-04-18,Squaw Creek Reservoir,0.0337
2038-04-19,Squaw Creek Reservoir,0.0942
2038-04-20,Squaw Creek Reservoir,0.0329
2038-04-21,Squaw Creek Reservoir,0.4528
2038-04-22,Squaw Creek Reservoir,1.0505
2038-04-23,Squaw Creek Reservoir,1.7061
2038-04-24,Squaw Creek Reservoir,1.3737
2038-04-25,Squaw Creek Reservoir,0.8776
2038-04-26,Squaw Creek Reservoir,0.6108
2038-04-27,Squaw Creek Reservoir,0.4431
2038-04-28,Squaw Creek Reservoir,0.3392
2038-04-29,Squaw Creek Reservoir,0.2638
2038-04-30,Squaw Creek Reservoir,0.2253
2038-05-01,Squaw Creek Reservoir,0.3967
2038-05-02,Squaw Creek Reservoir,0.2858
2038-05-03,Squaw Creek Reservoir,0.2484
2038-05-04,Squaw Creek Reservoir,0.1963
2038-05-05,Squaw Creek Reservoir,0.163
2038-05-06,Squaw Creek Reservoir,0.1417
2038-05-07,Squaw Creek Reservoir,0.1239
2038-05-08,Squaw Creek Reservoir,0.1068
2038-05-09,Squaw Creek Reservoir,0.0933
2038-05-10,Squaw Creek Reservoir,0.0828
2038-05-11,Squaw Creek Reservoir,0.0746
2038-05-12,Squaw Creek Reservoir,0.0789
2038-05-13,Squaw Creek Reservoir,0.0753
2038-05-14,Squaw Creek Reservoir,0.0641
2038-05-15,Squaw Creek Reservoir,0.07
2038-05-16,Squaw Creek Reservoir,0.0686
2038-05-17,Squaw Creek Reservoir,0.0561
2038-05-18,Squaw Creek Reservoir,0.0513
2038-05-19,Squaw Creek Reservoir,0.0492
2038-05-20,Squaw Creek Reservoir,0.0473
2038-05-21,Squaw Creek Reservoir,0.0455
2038-05-22,Squaw Creek Reservoir,0.0438
2038-05-23,Squaw Creek Reservoir,0.0423
2038-05-24,Squaw Creek Reservoir,0.0408
2038-05-25,Squaw Creek Reservoir,0.0395
2038-05-26,Squaw Creek Reservoir,0.0383
2038-05-27,Squaw Creek Reservoir,0.0396
2038-05-28,Squaw Creek Reservoir,0.0363
2038-05-29,Squaw Creek Reservoir,0.0353
2038-05-30,Squaw Creek Reservoir,0.0345
2038-05-31,Squaw Creek Reservoir,0.0338
2038-06-01,Squaw Creek Reservoir,0.0329
2038-06-02,Squaw Creek Reservoir,0.0335
2038-06-03,Squaw Creek Reservoir,0.0316
2038-06-04,Squaw Creek Reservoir,0.0309
2038-06-05,Squaw Creek Reservoir,0.031
2038-06-06,Squaw Creek Reservoir,0.0298
2038-06-07,Squaw Creek Reservoir,0.0292
2038-06-08,Squaw Creek Reservoir,0.0287
2038-06-09,Squaw Creek Reservoir,0.0282
2038-06-10,Squaw Creek Reservoir,0.0278
2038-06-11,Squaw Creek Reservoir,0.0885
2038-06-12,Squaw Creek Reservoir,0.0353
2038-06-13,Squaw Creek Reservoir,0.0266
2038-06-14,Squaw Creek Reservoir,0.0281
2038-06-15,Squaw Creek Reservoir,0.0258
2038-06-16,Squaw Creek Reservoir,0.2093
2038-06-17,Squaw Creek Reservoir,0.0272
2038-06-18,Squaw Creek Reservoir,0.0345
2038-06-19,Squaw Creek Reservoir,0.0262
2038-06-20,Squaw Creek Reservoir,0.0267
2038-06-21,Squaw Creek Reservoir,0.0269
2038-06-22,Squaw Creek Reservoir,0.0256
2038-06-23,Squaw Creek Reservoir,0.0251
2038-06-24,Squaw Creek Reservoir,0.0522
2038-06-25,Squaw Creek Reservoir,0.0328
2038-06-26,Squaw Creek Reservoir,0.0501
2038-06-27,Squaw Creek Reservoir,0.0238
2038-06-28,Squaw Creek Reservoir,0.0236
2038-06-29,Squaw Creek Reservoir,0.0281
2038-06-30,Squaw Creek Reservoir,0.023
2038-07-01,Squaw Creek Reservoir,0.0228
2038-07-02,Squaw Creek Reservoir,0.0223
2038-07-03,Squaw Creek Reservoir,0.0226
2038-07-04,Squaw Creek Reservoir,0.1824
2038-07-05,Squaw Creek Reservoir,0.0251
2038-07-06,Squaw Creek Reservoir,0.0214
2038-07-07,Squaw Creek Reservoir,0.0212
2038-07-08,Squaw Creek Reservoir,0.0209
2038-07-09,Squaw Creek Reservoir,0.0207
2038-07-10,Squaw Creek Reservoir,0.0207
2038-07-11,Squaw Creek Reservoir,0.0571
2038-07-12,Squaw Creek Reservoir,0.1194
2038-07-13,Squaw Creek Reservoir,0.02
2038-07-14,Squaw Creek Reservoir,0.0201
2038-07-15,Squaw Creek Reservoir,0.0226
2038-07-16,Squaw Creek Reservoir,0.0823
2038-07-17,Squaw Creek Reservoir,0.02
2038-07-18,Squaw Creek Reservoir,0.0214
2038-07-19,Squaw Creek Reservoir,0.0203
2038-07-20,Squaw Creek Reservoir,0.0199
2038-07-21,Squaw Creek Reservoir,0.0192
2038-07-22,Squaw Creek Reservoir,0.0201
2038-07-23,Squaw Creek Reservoir,0.0202
2038-07-24,Squaw Creek Reservoir,0.0186
2038-07-25,Squaw Creek Reservoir,0.0184
2038-07-26,Squaw Creek Reservoir,0.0182
2038-07-27,Squaw Creek Reservoir,0.0179
2038-07-28,Squaw Creek Reservoir,0.0209
2038-07-29,Squaw Creek Reservoir,0.0219
2038-07-30,Squaw Creek Reservoir,0.0183
2038-07-31,Squaw Creek Reservoir,0.0214
2038-08-01,Squaw Creek Reservoir,0.0206
2038-08-02,Squaw Creek Reservoir,0.0173
2038-08-03,Squaw Creek Reservoir,0.0167
2038-08-04,Squaw Creek Reservoir,0.0172
2038-08-05,Squaw Creek Reservoir,0.0164
2038-08-06,Squaw Creek Reservoir,0.0162
2038-08-07,Squaw Creek Reservoir,0.0161
2038-08-08,Squaw Creek Reservoir,0.016
2038-08-09,Squaw Creek Reservoir,0.0158
2038-08-10,Squaw Creek Reservoir,0.0157
2038-08-11,Squaw Creek Reservoir,0.0156
2038-08-12,Squaw Creek Reservoir,0.0156
2038-08-13,Squaw Creek Reservoir,0.0155
2038-08-14,Squaw Creek Reservoir,0.0188
2038-08-15,Squaw Creek Reservoir,0.0156
2038-08-16,Squaw Creek Reservoir,0.015
2038-08-17,Squaw Creek Reservoir,0.0149
2038-08-18,Squaw Creek Reservoir,0.0169
2038-08-19,Squaw Creek Reservoir,0.0691
2038-08-20,Squaw Creek Reservoir,0.0743
2038-08-21,Squaw Creek Reservoir,0.0145
2038-08-22,Squaw Creek Reservoir,0.0144
2038-08-23,Squaw Creek Reservoir,0.0143
2038-08-24,Squaw Creek Reservoir,0.0142
2038-08-25,Squaw Creek Reservoir,0.0141
2038-08-26,Squaw Creek Reservoir,0.014
2038-08-27,Squaw Creek Reservoir,0.0139
2038-08-28,Squaw Creek Reservoir,0.0138
2038-08-29,Squaw Creek Reservoir,0.0151
2038-08-30,Squaw Creek Reservoir,0.0199
2038-08-31,Squaw Creek Reservoir,0.014
2038-09-01,Squaw Creek Reservoir,0.0134
2038-09-02,Squaw Creek Reservoir,0.0134
2038-09-03,Squaw Creek Reservoir,0.0143
2038-09-04,Squaw Creek Reservoir,0.0133
2038-09-05,Squaw Creek Reservoir,0.0131
2038-09-06,Squaw Creek Reservoir,0.0129
2038-09-07,Squaw Creek Reservoir,0.0131
2038-09-08,Squaw Creek Reservoir,0.0127
2038-09-09,Squaw Creek Reservoir,0.0155
2038-09-10,Squaw Creek Reservoir,0.0125
2038-09-11,Squaw Creek Reservoir,0.0124
2038-09-12,Squaw Creek Reservoir,0.0123
2038-09-13,Squaw Creek Reservoir,0.0122
2038-09-14,Squaw Creek Reservoir,0.0149
2038-09-15,Squaw Creek Reservoir,0.0121
2038-09-16,Squaw Creek Reservoir,0.012
2038-09-17,Squaw Creek Reservoir,0.0119
2038-09-18,Squaw Creek Reservoir,0.0118
2038-09-19,Squaw Creek Reservoir,0.0117
2038-09-20,Squaw Creek Reservoir,0.0116
2038-09-21,Squaw Creek Reservoir,0.0116
2038-09-22,Squaw Creek Reservoir,0.0115
2038-09-23,Squaw Creek Reservoir,0.0114
2038-09-24,Squaw Creek Reservoir,0.0113
2038-09-25,Squaw Creek Reservoir,0.022
2038-09-26,Squaw Creek Reservoir,0.0448
2038-09-27,Squaw Creek Reservoir,0.1185
2038-09-28,Squaw Creek Reservoir,0.0112
2038-09-29,Squaw Creek Reservoir,0.0109
2038-09-30,Squaw Creek Reservoir,0.0108
2038-10-01,Squaw Creek Reservoir,0.0108
2038-10-02,Squaw Creek Reservoir,0.0107
2038-10-03,Squaw Creek Reservoir,0.0106
2038-10-04,Squaw Creek Reservoir,0.0108
2038-10-05,Squaw Creek Reservoir,0.03
2038-10-06,Squaw Creek Reservoir,0.0154
2038-10-07,Squaw Creek Reservoir,0.1269
2038-10-08,Squaw Creek Reservoir,0.0112
2038-10-09,Squaw Creek Reservoir,0.0708
2038-10-10,Squaw Creek Reservoir,0.0898
2038-10-11,Squaw Creek Reservoir,0.0378
2038-10-12,Squaw Creek Reservoir,0.1099
2038-10-13,Squaw Creek Reservoir,0.0244
2038-10-14,Squaw Creek Reservoir,0.0374
2038-10-15,Squaw Creek Reservoir,0.0388
2038-10-16,Squaw Creek Reservoir,0.0341
2038-10-17,Squaw Creek Reservoir,0.0305
2038-10-18,Squaw Creek Reservoir,0.0277
2038-10-19,Squaw Creek Reservoir,0.0255
2038-10-20,Squaw Creek Reservoir,0.0253
2038-10-21,Squaw Creek Reservoir,0.0263
2038-10-22,Squaw Creek Reservoir,0.0214
2038-10-23,Squaw Creek Reservoir,0.0196
2038-10-24,Squaw Creek Reservoir,0.0187
2038-10-25,Squaw Creek Reservoir,0.0487
2038-10-26,Squaw Creek Reservoir,0.0176
2038-10-27,Squaw Creek Reservoir,0.0164
2038-10-28,Squaw Creek Reservoir,0.0158
2038-10-29,Squaw Creek Reservoir,0.0152
2038-10-30,Squaw Creek Reservoir,0.0147
2038-10-31,Squaw Creek Reservoir,0.0142
2038-11-01,Squaw Creek Reservoir,0.0138
2038-11-02,Squaw Creek Reservoir,0.0134
2038-11-03,Squaw Creek Reservoir,0.0131
2038-11-04,Squaw Creek Reservoir,0.0128
2038-11-05,Squaw Creek Reservoir,0.0127
2038-11-06,Squaw Creek Reservoir,0.0269
2038-11-07,Squaw Creek Reservoir,0.014
2038-11-08,Squaw Creek Reservoir,0.012
2038-11-09,Squaw Creek Reservoir,0.0147
2038-11-10,Squaw Creek Reservoir,0.0113
2038-11-11,Squaw Creek Reservoir,0.011
2038-11-12,Squaw Creek Reservoir,0.0108
2038-11-13,Squaw Creek Reservoir,0.011
2038-11-14,Squaw Creek Reservoir,0.0104
2038-11-15,Squaw Creek Reservoir,0.0103
2038-11-16,Squaw Creek Reservoir,0.0102
2038-11-17,Squaw Creek Reservoir,0.0101
2038-11-18,Squaw Creek Reservoir,0.01
2038-11-19,Squaw Creek Reservoir,0.0099
2038-11-20,Squaw Creek Reservoir,0.0098
2038-11-21,Squaw Creek Reservoir,0.0097
2038-11-22,Squaw Creek Reservoir,0.0096
2038-11-23,Squaw Creek Reservoir,0.0095
2038-11-24,Squaw Creek Reservoir,0.0098
2038-11-25,Squaw Creek Reservoir,0.0096
2038-11-26,Squaw Creek Reservoir,0.0093
2038-11-27,Squaw Creek Reservoir,0.0093
2038-11-28,Squaw Creek Reservoir,0.0394
2038-11-29,Squaw Creek Reservoir,0.0108
2038-11-30,Squaw Creek Reservoir,0.0091
2038-12-01,Squaw Creek Reservoir,0.0091
2038-12-02,Squaw Creek Reservoir,0.009
2038-12-03,Squaw Creek Reservoir,0.009
2038-12-04,Squaw Creek Reservoir,0.009
2038-12-05,Squaw Creek Reservoir,0.0089
2038-12-06,Squaw Creek Reservoir,0.0088
2038-12-07,Squaw Creek Reservoir,0.0089
2038-12-08,Squaw Creek Reservoir,0.0098
2038-12-09,Squaw Creek Reservoir,0.0239
2038-12-10,Squaw Creek Reservoir,0.01
2038-12-11,Squaw Creek Reservoir,0.0086
2038-12-12,Squaw Creek Reservoir,0.0085
2038-12-13,Squaw Creek Reservoir,0.0085
2038-12-14,Squaw Creek Reservoir,0.0084
2038-12-15,Squaw Creek Reservoir,0.0084
2038-12-16,Squaw Creek Reservoir,0.0083
2038-12-17,Squaw Creek Reservoir,0.0083
2038-12-18,Squaw Creek Reservoir,0.0082
2038-12-19,Squaw Creek Reservoir,0.0083
2038-12-20,Squaw Creek Reservoir,0.0081
2038-12-21,Squaw Creek Reservoir,0.0081
2038-12-22,Squaw Creek Reservoir,0.0081
2038-12-23,Squaw Creek Reservoir,0.008
2038-12-24,Squaw Creek Reservoir,0.008
2038-12-25,Squaw Creek Reservoir,0.0079
2038-12-26,Squaw Creek Reservoir,0.0078
2038-12-27,Squaw Creek Reservoir,0.0078
2038-12-28,Squaw Creek Reservoir,0.0078
2038-12-29,Squaw Creek Reservoir,0.0084
2038-12-30,Squaw Creek Reservoir,0.0173
2038-12-31,Squaw Creek Reservoir,0.0079
2039-01-01,Squaw Creek Reservoir,0.0076
2039-01-02,Squaw Creek Reservoir,0.0075
2039-01-03,Squaw Creek Reservoir,0.0075
2039-01-04,Squaw Creek Reservoir,0.0074
2039-01-05,Squaw Creek Reservoir,0.0074
2039-01-06,Squaw Creek Reservoir,0.0073
2039-01-07,Squaw Creek Reservoir,0.0073
2039-01-08,Squaw Creek Reservoir,0.0072
2039-01-09,Squaw Creek Reservoir,0.0072
2039-01-10,Squaw Creek Reservoir,0.0071
2039-01-11,Squaw Creek Reservoir,0.0071
2039-01-12,Squaw Creek Reservoir,0.007
2039-01-13,Squaw Creek Reservoir,0.0071
2039-01-14,Squaw Creek Reservoir,0.007
2039-01-15,Squaw Creek Reservoir,0.0069
2039-01-16,Squaw Creek Reservoir,0.0069
2039-01-17,Squaw Creek Reservoir,0.0068
2039-01-18,Squaw Creek Reservoir,0.0068
2039-01-19,Squaw Creek Reservoir,0.0067
2039-01-20,Squaw Creek Reservoir,0.0067
2039-01-21,Squaw Creek Reservoir,0.0066
2039-01-22,Squaw Creek Reservoir,0.0066
2039-01-23,Squaw Creek Reservoir,0.0066
2039-01-24,Squaw Creek Reservoir,0.0065
2039-01-25,Squaw Creek Reservoir,0.0065
2039-01-26,Squaw Creek Reservoir,0.0064
2039-01-27,Squaw Creek Reservoir,0.0064
2039-01-28,Squaw Creek Reservoir,0.0064
2039-01-29,Squaw Creek Reservoir,0.0065
2039-01-30,Squaw Creek Reservoir,0.0117
2039-01-31,Squaw Creek Reservoir,0.0063
2039-02-01,Squaw Creek Reservoir,0.0065
2039-02-02,Squaw Creek Reservoir,0.0063
2039-02-03,Squaw Creek Reservoir,0.0062
2039-02-04,Squaw Creek Reservoir,0.0061
2039-02-05,Squaw Creek Reservoir,0.0061
2039-02-06,Squaw Creek Reservoir,0.006
2039-02-07,Squaw Creek Reservoir,0.006
2039-02-08,Squaw Creek Reservoir,0.0059
2039-02-09,Squaw Creek Reservoir,0.0059
2039-02-10,Squaw Creek Reservoir,0.0058
2039-02-11,Squaw Creek Reservoir,0.0088
2039-02-12,Squaw Creek Reservoir,0.0058
2039-02-13,Squaw Creek Reservoir,0.0057
2039-02-14,Squaw Creek Reservoir,0.0057
2039-02-15,Squaw Creek Reservoir,0.0057
2039-02-16,Squaw Creek Reservoir,0.0125
2039-02-17,Squaw Creek Reservoir,0.0056
2039-02-18,Squaw Creek Reservoir,0.0055
2039-02-19,Squaw Creek Reservoir,0.0055
2039-02-20,Squaw Creek Reservoir,0.0055
2039-02-21,Squaw Creek Reservoir,0.0054
2039-02-22,Squaw Creek Reservoir,0.0462
2039-02-23,Squaw Creek Reservoir,0.0324
2039-02-24,Squaw Creek Reservoir,0.0117
2039-02-25,Squaw Creek Reservoir,0.1573
2039-02-26,Squaw Creek Reservoir,0.118
2039-02-27,Squaw Creek Reservoir,0.039
2039-02-28,Squaw Creek Reservoir,0.0092
2039-03-01,Squaw Creek Reservoir,0.0244
2039-03-02,Squaw Creek Reservoir,0.0124
2039-03-03,Squaw Creek Reservoir,0.0061
2039-03-04,Squaw Creek Reservoir,0.0062
2039-03-05,Squaw Creek Reservoir,0.0064
2039-03-06,Squaw Creek Reservoir,0.0066
2039-03-07,Squaw Creek Reservoir,0.0126
2039-03-08,Squaw Creek Reservoir,0.1459
2039-03-09,Squaw Creek Reservoir,0.0091
2039-03-10,Squaw Creek Reservoir,0.01
2039-03-11,Squaw Creek Reservoir,0.014
2039-03-12,Squaw Creek Reservoir,0.0255
2039-03-13,Squaw Creek Reservoir,0.0128
2039-03-14,Squaw Creek Reservoir,0.0401
2039-03-15,Squaw Creek Reservoir,0.0283
2039-03-16,Squaw Creek Reservoir,0.1096
2039-03-17,Squaw Creek Reservoir,0.0197
2039-03-18,Squaw Creek Reservoir,0.0202
2039-03-19,Squaw Creek Reservoir,0.0188
2039-03-20,Squaw Creek Reservoir,0.0177
2039-03-21,Squaw Creek Reservoir,0.2321
2039-03-22,Squaw Creek Reservoir,0.0552
2039-03-23,Squaw Creek Reservoir,0.036
2039-03-24,Squaw Creek Reservoir,0.0319
2039-03-25,Squaw Creek Reservoir,0.028
2039-03-26,Squaw Creek Reservoir,0.0249
2039-03-27,Squaw Creek Reservoir,0.0225
2039-03-28,Squaw Creek Reservoir,0.0205
2039-03-29,Squaw Creek Reservoir,0.0189
2039-03-30,Squaw Creek Reservoir,0.0185
2039-03-31,Squaw Creek Reservoir,0.017
2039-04-01,Squaw Creek Reservoir,0.0266
2039-04-02,Squaw Creek Reservoir,0.0357
2039-04-03,Squaw Creek Reservoir,0.0384
2039-04-04,Squaw Creek Reservoir,0.0142
2039-04-05,Squaw Creek Reservoir,0.1232
2039-04-06,Squaw Creek Reservoir,0.0277
2039-04-07,Squaw Creek Reservoir,0.0181
2039-04-08,Squaw Creek Reservoir,0.0174
2039-04-09,Squaw Creek Reservoir,0.0163
2039-04-10,Squaw Creek Reservoir,0.0153
2039-04-11,Squaw Creek Reservoir,0.0244
2039-04-12,Squaw Creek Reservoir,0.0137
2039-04-13,Squaw Creek Reservoir,0.013
2039-04-14,Squaw Creek Reservoir,0.0128
2039-04-15,Squaw Creek Reservoir,0.0119
2039-04-16,Squaw Creek Reservoir,0.0352
2039-04-17,Squaw Creek Reservoir,0.0127
2039-04-18,Squaw Creek Reservoir,0.0106
2039-04-19,Squaw Creek Reservoir,0.0196
2039-04-20,Squaw Creek Reservoir,0.0101
2039-04-21,Squaw Creek Reservoir,0.0146
2039-04-22,Squaw Creek Reservoir,0.0229
2039-04-23,Squaw Creek Reservoir,0.0866
2039-04-24,Squaw Creek Reservoir,0.0127
2039-04-25,Squaw Creek Reservoir,0.0089
2039-04-26,Squaw Creek Reservoir,0.0137
2039-04-27,Squaw Creek Reservoir,0.023
2039-04-28,Squaw Creek Reservoir,0.0083
2039-04-29,Squaw Creek Reservoir,0.0081
2039-04-30,Squaw Creek Reservoir,0.008
2039-05-01,Squaw Creek Reservoir,0.0078
2039-05-02,Squaw Creek Reservoir,0.0439
2039-05-03,Squaw Creek Reservoir,0.0076
2039-05-04,Squaw Creek Reservoir,0.0235
2039-05-05,Squaw Creek Reservoir,0.0075
2039-05-06,Squaw Creek Reservoir,0.009
2039-05-07,Squaw Creek Reservoir,0.0287
2039-05-08,Squaw Creek Reservoir,0.0078
2039-05-09,Squaw Creek Reservoir,0.0072
2039-05-10,Squaw Creek Reservoir,0.0575
2039-05-11,Squaw Creek Reservoir,0.007
2039-05-12,Squaw Creek Reservoir,0.0077
2039-05-13,Squaw Creek Reservoir,0.0172
2039-05-14,Squaw Creek Reservoir,0.0068
2039-05-15,Squaw Creek Reservoir,0.0068
2039-05-16,Squaw Creek Reservoir,0.0067
2039-05-17,Squaw Creek Reservoir,0.0067
2039-05-18,Squaw Creek Reservoir,0.0067
2039-05-19,Squaw Creek Reservoir,0.0085
2039-05-20,Squaw Creek Reservoir,0.0422
2039-05-21,Squaw Creek Reservoir,0.0256
2039-05-22,Squaw Creek Reservoir,0.0325
2039-05-23,Squaw Creek Reservoir,0.0076
2039-05-24,Squaw Creek Reservoir,0.0067
2039-05-25,Squaw Creek Reservoir,0.0144
2039-05-26,Squaw Creek Reservoir,0.0065
2039-05-27,Squaw Creek Reservoir,0.0064
2039-05-28,Squaw Creek Reservoir,0.0064
2039-05-29,Squaw Creek Reservoir,0.0064
2039-05-30,Squaw Creek Reservoir,0.0064
2039-05-31,Squaw Creek Reservoir,0.0066
2039-06-01,Squaw Creek Reservoir,0.0071
2039-06-02,Squaw Creek Reservoir,0.0063
2039-06-03,Squaw Creek Reservoir,0.0062
2039-06-04,Squaw Creek Reservoir,0.0062
2039-06-05,Squaw Creek Reservoir,0.0062
2039-06-06,Squaw Creek Reservoir,0.0061
2039-06-07,Squaw Creek Reservoir,0.0061
2039-06-08,Squaw Creek Reservoir,0.0061
2039-06-09,Squaw Creek Reservoir,0.0069
2039-06-10,Squaw Creek Reservoir,0.0062
2039-06-11,Squaw Creek Reservoir,0.006
2039-06-12,Squaw Creek Reservoir,0.006
2039-06-13,Squaw Creek Reservoir,0.0059
2039-06-14,Squaw Creek Reservoir,0.0059
2039-06-15,Squaw Creek Reservoir,0.0151
2039-06-16,Squaw Creek Reservoir,0.0061
2039-06-17,Squaw Creek Reservoir,0.0058
2039-06-18,Squaw Creek Reservoir,0.1576
2039-06-19,Squaw Creek Reservoir,0.1401
2039-06-20,Squaw Creek Reservoir,0.0058
2039-06-21,Squaw Creek Reservoir,0.0059
2039-06-22,Squaw Creek Reservoir,0.0072
2039-06-23,Squaw Creek Reservoir,0.011
2039-06-24,Squaw Creek Reservoir,0.0105
2039-06-25,Squaw Creek Reservoir,0.0099
2039-06-26,Squaw Creek Reservoir,0.0096
2039-06-27,Squaw Creek Reservoir,0.0096
2039-06-28,Squaw Creek Reservoir,0.0095
2039-06-29,Squaw Creek Reservoir,0.0092
2039-06-30,Squaw Creek Reservoir,0.009
2039-07-01,Squaw Creek Reservoir,0.0087
2039-07-02,Squaw Creek Reservoir,0.0085
2039-07-03,Squaw Creek Reservoir,0.0084
2039-07-04,Squaw Creek Reservoir,0.0239
2039-07-05,Squaw Creek Reservoir,0.0087
2039-07-06,Squaw Creek Reservoir,0.0083
2039-07-07,Squaw Creek Reservoir,0.0076
2039-07-08,Squaw Creek Reservoir,0.0074
2039-07-09,Squaw Creek Reservoir,0.0073
2039-07-10,Squaw Creek Reservoir,0.0072
2039-07-11,Squaw Creek Reservoir,0.007
2039-07-12,Squaw Creek Reservoir,0.0069
2039-07-13,Squaw Creek Reservoir,0.0068
2039-07-14,Squaw Creek Reservoir,0.0071
2039-07-15,Squaw Creek Reservoir,0.0069
2039-07-16,Squaw Creek Reservoir,0.0068
2039-07-17,Squaw Creek Reservoir,0.007
2039-07-18,Squaw Creek Reservoir,0.0063
2039-07-19,Squaw Creek Reservoir,0.0063
2039-07-20,Squaw Creek Reservoir,0.0062
2039-07-21,Squaw Creek Reservoir,0.0062
2039-07-22,Squaw Creek Reservoir,0.0061
2039-07-23,Squaw Creek Reservoir,0.0164
2039-07-24,Squaw Creek Reservoir,0.0094
2039-07-25,Squaw Creek Reservoir,0.0082
2039-07-26,Squaw Creek Reservoir,0.0105
2039-07-27,Squaw Creek Reservoir,0.006
2039-07-28,Squaw Creek Reservoir,0.0059
2039-07-29,Squaw Creek Reservoir,0.0058
2039-07-30,Squaw Creek Reservoir,0.0057
2039-07-31,Squaw Creek Reservoir,0.0057
2039-08-01,Squaw Creek Reservoir,0.0057
2039-08-02,Squaw Creek Reservoir,0.0057
2039-08-03,Squaw Creek Reservoir,0.0057
2039-08-04,Squaw Creek Reservoir,0.0056
2039-08-05,Squaw Creek Reservoir,0.0079
2039-08-06,Squaw Creek Reservoir,0.0067
2039-08-07,Squaw Creek Reservoir,0.0056
2039-08-08,Squaw Creek Reservoir,0.0055
2039-08-09,Squaw Creek Reservoir,0.006
2039-08-10,Squaw Creek Reservoir,0.0069
2039-08-11,Squaw Creek Reservoir,0.0054
2039-08-12,Squaw Creek Reservoir,0.0055
2039-08-13,Squaw Creek Reservoir,0.0626
2039-08-14,Squaw Creek Reservoir,0.0084
2039-08-15,Squaw Creek Reservoir,0.0115
2039-08-16,Squaw Creek Reservoir,0.0057
2039-08-17,Squaw Creek Reservoir,0.0053
2039-08-18,Squaw Creek Reservoir,0.0053
2039-08-19,Squaw Creek Reservoir,0.0052
2039-08-20,Squaw Creek Reservoir,0.0052
2039-08-21,Squaw Creek Reservoir,0.0058
2039-08-22,Squaw Creek Reservoir,0.0052
2039-08-23,Squaw Creek Reservoir,0.0051
2039-08-24,Squaw Creek Reservoir,0.0055
2039-08-25,Squaw Creek Reservoir,0.006
2039-08-26,Squaw Creek Reservoir,0.0051
2039-08-27,Squaw Creek Reservoir,0.005
2039-08-28,Squaw Creek Reservoir,0.0051
2039-08-29,Squaw Creek Reservoir,0.0844
2039-08-30,Squaw Creek Reservoir,0.1221
2039-08-31,Squaw Creek Reservoir,0.0932
2039-09-01,Squaw Creek Reservoir,0.0205
2039-09-02,Squaw Creek Reservoir,0.0144
2039-09-03,Squaw Creek Reservoir,0.013
2039-09-04,Squaw Creek Reservoir,0.0116
2039-09-05,Squaw Creek Reservoir,0.0108
2039-09-06,Squaw Creek Reservoir,0.0106
2039-09-07,Squaw Creek Reservoir,0.0135
2039-09-08,Squaw Creek Reservoir,0.014
2039-09-09,Squaw Creek Reservoir,0.0536
2039-09-10,Squaw Creek Reservoir,0.118
2039-09-11,Squaw Creek Reservoir,0.0211
2039-09-12,Squaw Creek Reservoir,0.2647
2039-09-13,Squaw Creek Reservoir,0.3542
2039-09-14,Squaw Creek Reservoir,0.165
2039-09-15,Squaw Creek Reservoir,0.1021
2039-09-16,Squaw Creek Reservoir,0.0912
2039-09-17,Squaw Creek Reservoir,0.059
2039-09-18,Squaw Creek Reservoir,0.0442
2039-09-19,Squaw Creek Reservoir,0.0369
2039-09-20,Squaw Creek Reservoir,0.0314
2039-09-21,Squaw Creek Reservoir,0.0269
2039-09-22,Squaw Creek Reservoir,0.025
2039-09-23,Squaw Creek Reservoir,0.0215
2039-09-24,Squaw Creek Reservoir,0.0194
2039-09-25,Squaw Creek Reservoir,0.0666
2039-09-26,Squaw Creek Reservoir,0.0774
2039-09-27,Squaw Creek Reservoir,0.0209
2039-09-28,Squaw Creek Reservoir,0.0202
2039-09-29,Squaw Creek Reservoir,0.0525
2039-09-30,Squaw Creek Reservoir,0.0176
2039-10-01,Squaw Creek Reservoir,0.0169
2039-10-02,Squaw Creek Reservoir,0.0156
2039-10-03,Squaw Creek Reservoir,0.0147
2039-10-04,Squaw Creek Reservoir,0.0235
2039-10-05,Squaw Creek Reservoir,0.0127
2039-10-06,Squaw Creek Reservoir,0.012
2039-10-07,Squaw Creek Reservoir,0.0114
2039-10-08,Squaw Creek Reservoir,0.0108
2039-10-09,Squaw Creek Reservoir,0.0103
2039-10-10,Squaw Creek Reservoir,0.0099
2039-10-11,Squaw Creek Reservoir,0.0095
2039-10-12,Squaw Creek Reservoir,0.0091
2039-10-13,Squaw Creek Reservoir,0.0087
2039-10-14,Squaw Creek Reservoir,0.0084
2039-10-15,Squaw Creek Reservoir,0.0082
2039-10-16,Squaw Creek Reservoir,0.0081
2039-10-17,Squaw Creek Reservoir,0.0104
2039-10-18,Squaw Creek Reservoir,0.0486
2039-10-19,Squaw Creek Reservoir,0.0073
2039-10-20,Squaw Creek Reservoir,0.007
2039-10-21,Squaw Creek Reservoir,0.0438
2039-10-22,Squaw Creek Reservoir,0.1111
2039-10-23,Squaw Creek Reservoir,0.0099
2039-10-24,Squaw Creek Reservoir,0.0121
2039-10-25,Squaw Creek Reservoir,0.012
2039-10-26,Squaw Creek Reservoir,0.0114
2039-10-27,Squaw Creek Reservoir,0.0108
2039-10-28,Squaw Creek Reservoir,0.0103
2039-10-29,Squaw Creek Reservoir,0.0099
2039-10-30,Squaw Creek Reservoir,0.0097
2039-10-31,Squaw Creek Reservoir,0.0091
2039-11-01,Squaw Creek Reservoir,0.0088
2039-11-02,Squaw Creek Reservoir,0.0085
2039-11-03,Squaw Creek Reservoir,0.0081
2039-11-04,Squaw Creek Reservoir,0.008
2039-11-05,Squaw Creek Reservoir,0.0077
2039-11-06,Squaw Creek Reservoir,0.0075
2039-11-07,Squaw Creek Reservoir,0.0072
2039-11-08,Squaw Creek Reservoir,0.007
2039-11-09,Squaw Creek Reservoir,0.0068
2039-11-10,Squaw Creek Reservoir,0.0066
2039-11-11,Squaw Creek Reservoir,0.0065
2039-11-12,Squaw Creek Reservoir,0.0063
2039-11-13,Squaw Creek Reservoir,0.0064
2039-11-14,Squaw Creek Reservoir,0.016
2039-11-15,Squaw Creek Reservoir,0.006
2039-11-16,Squaw Creek Reservoir,0.006
2039-11-17,Squaw Creek Reservoir,0.0061
2039-11-18,Squaw Creek Reservoir,0.1855
2039-11-19,Squaw Creek Reservoir,0.0086
2039-11-20,Squaw Creek Reservoir,0.007
2039-11-21,Squaw Creek Reservoir,0.0073
2039-11-22,Squaw Creek Reservoir,0.0075
2039-11-23,Squaw Creek Reservoir,0.0075
2039-11-24,Squaw Creek Reservoir,0.0074
2039-11-25,Squaw Creek Reservoir,0.0072
2039-11-26,Squaw Creek Reservoir,0.007
2039-11-27,Squaw Creek Reservoir,0.0068
2039-11-28,Squaw Creek Reservoir,0.0066
2039-11-29,Squaw Creek Reservoir,0.0065
2039-11-30,Squaw Creek Reservoir,0.0063
2039-12-01,Squaw Creek Reservoir,0.0062
2039-12-02,Squaw Creek Reservoir,0.0061
2039-12-03,Squaw Creek Reservoir,0.006
2039-12-04,Squaw Creek Reservoir,0.0059
2039-12-05,Squaw Creek Reservoir,0.0058
2039-12-06,Squaw Creek Reservoir,0.0058
2039-12-07,Squaw Creek Reservoir,0.0057
2039-12-08,Squaw Creek Reservoir,0.0056
2039-12-09,Squaw Creek Reservoir,0.0056
2039-12-10,Squaw Creek Reservoir,0.0055
2039-12-11,Squaw Creek Reservoir,0.0055
2039-12-12,Squaw Creek Reservoir,0.0055
2039-12-13,Squaw Creek Reservoir,0.0054
2039-12-14,Squaw Creek Reservoir,0.0054
2039-12-15,Squaw Creek Reservoir,0.0054
2039-12-16,Squaw Creek Reservoir,0.0054
2039-12-17,Squaw Creek Reservoir,0.0054
2039-12-18,Squaw Creek Reservoir,0.0054
2039-12-19,Squaw Creek Reservoir,0.0053
2039-12-20,Squaw Creek Reservoir,0.0053
2039-12-21,Squaw Creek Reservoir,0.0053
2039-12-22,Squaw Creek Reservoir,0.0053
2039-12-23,Squaw Creek Reservoir,0.0052
2039-12-24,Squaw Creek Reservoir,0.0052
2039-12-25,Squaw Creek Reservoir,0.0052
2039-12-26,Squaw Creek Reservoir,0.0052
2039-12-27,Squaw Creek Reservoir,0.0052
2039-12-28,Squaw Creek Reservoir,0.0051
2039-12-29,Squaw Creek Reservoir,0.0051
2039-12-30,Squaw Creek Reservoir,0.0051
2039-12-31,Squaw Creek Reservoir,0.0051
2040-01-01,Squaw Creek Reservoir,0.005
2040-01-02,Squaw Creek Reservoir,0.005
2040-01-03,Squaw Creek Reservoir,0.0051
2040-01-04,Squaw Creek Reservoir,0.005
2040-01-05,Squaw Creek Reservoir,0.0049
2040-01-06,Squaw Creek Reservoir,0.0049
2040-01-07,Squaw Creek Reservoir,0.0049
2040-01-08,Squaw Creek Reservoir,0.0049
2040-01-09,Squaw Creek Reservoir,0.0048
2040-01-10,Squaw Creek Reservoir,0.0048
2040-01-11,Squaw Creek Reservoir,0.0048
2040-01-12,Squaw Creek Reservoir,0.0055
2040-01-13,Squaw Creek Reservoir,0.0048
2040-01-14,Squaw Creek Reservoir,0.0047
2040-01-15,Squaw Creek Reservoir,0.0047
2040-01-16,Squaw Creek Reservoir,0.0174
2040-01-17,Squaw Creek Reservoir,0.0046
2040-01-18,Squaw Creek Reservoir,0.0059
2040-01-19,Squaw Creek Reservoir,0.0047
2040-01-20,Squaw Creek Reservoir,0.0188
2040-01-21,Squaw Creek Reservoir,0.0045
2040-01-22,Squaw Creek Reservoir,0.0045
2040-01-23,Squaw Creek Reservoir,0.0045
2040-01-24,Squaw Creek Reservoir,0.0045
2040-01-25,Squaw Creek Reservoir,0.0045
2040-01-26,Squaw Creek Reservoir,0.0317
2040-01-27,Squaw Creek Reservoir,0.0122
2040-01-28,Squaw Creek Reservoir,0.0043
2040-01-29,Squaw Creek Reservoir,0.0043
2040-01-30,Squaw Creek Reservoir,0.0043
2040-01-31,Squaw Creek Reservoir,0.0043
2040-02-01,Squaw Creek Reservoir,0.0042
2040-02-02,Squaw Creek Reservoir,0.0042
2040-02-03,Squaw Creek Reservoir,0.0042
2040-02-04,Squaw Creek Reservoir,0.0042
2040-02-05,Squaw Creek Reservoir,0.0045
2040-02-06,Squaw Creek Reservoir,0.0046
2040-02-07,Squaw Creek Reservoir,0.0041
2040-02-08,Squaw Creek Reservoir,0.0041
2040-02-09,Squaw Creek Reservoir,0.004
2040-02-10,Squaw Creek Reservoir,0.0052
2040-02-11,Squaw Creek Reservoir,0.004
2040-02-12,Squaw Creek Reservoir,0.004
2040-02-13,Squaw Creek Reservoir,0.0039
2040-02-14,Squaw Creek Reservoir,0.004
2040-02-15,Squaw Creek Reservoir,0.0039
2040-02-16,Squaw Creek Reservoir,0.0039
2040-02-17,Squaw Creek Reservoir,0.0038
2040-02-18,Squaw Creek Reservoir,0.0038
2040-02-19,Squaw Creek Reservoir,0.0038
2040-02-20,Squaw Creek Reservoir,0.0038
2040-02-21,Squaw Creek Reservoir,0.0037
2040-02-22,Squaw Creek Reservoir,0.0321
2040-02-23,Squaw Creek Reservoir,0.0949
2040-02-24,Squaw Creek Reservoir,0.0307
2040-02-25,Squaw Creek Reservoir,0.0037
2040-02-26,Squaw Creek Reservoir,0.0036
2040-02-27,Squaw Creek Reservoir,0.0036
2040-02-28,Squaw Creek Reservoir,0.0457
2040-02-29,Squaw Creek Reservoir,0.0475
2040-03-01,Squaw Creek Reservoir,0.1203
2040-03-02,Squaw Creek Reservoir,0.0086
2040-03-03,Squaw Creek Reservoir,0.0036
2040-03-04,Squaw Creek Reservoir,0.0037
2040-03-05,Squaw Creek Reservoir,0.0037
2040-03-06,Squaw Creek Reservoir,0.0038
2040-03-07,Squaw Creek Reservoir,0.0038
2040-03-08,Squaw Creek Reservoir,0.0038
2040-03-09,Squaw Creek Reservoir,0.0039
2040-03-10,Squaw Creek Reservoir,0.0039
2040-03-11,Squaw Creek Reservoir,0.0039
2040-03-12,Squaw Creek Reservoir,0.0039
2040-03-13,Squaw Creek Reservoir,0.0039
2040-03-14,Squaw Creek Reservoir,0.0039
2040-03-15,Squaw Creek Reservoir,0.004
2040-03-16,Squaw Creek Reservoir,0.004
2040-03-17,Squaw Creek Reservoir,0.004
2040-03-18,Squaw Creek Reservoir,0.004
2040-03-19,Squaw Creek Reservoir,0.004
2040-03-20,Squaw Creek Reservoir,0.004
2040-03-21,Squaw Creek Reservoir,0.0623
2040-03-22,Squaw Creek Reservoir,0.0725
2040-03-23,Squaw Creek Reservoir,0.0041
2040-03-24,Squaw Creek Reservoir,0.004
2040-03-25,Squaw Creek Reservoir,0.0042
2040-03-26,Squaw Creek Reservoir,0.004
2040-03-27,Squaw Creek Reservoir,0.004
2040-03-28,Squaw Creek Reservoir,0.004
2040-03-29,Squaw Creek Reservoir,0.004
2040-03-30,Squaw Creek Reservoir,0.004
2040-03-31,Squaw Creek Reservoir,0.004
2040-04-01,Squaw Creek Reservoir,0.004
2040-04-02,Squaw Creek Reservoir,0.004
2040-04-03,Squaw Creek Reservoir,0.004
2040-04-04,Squaw Creek Reservoir,0.004
2040-04-05,Squaw Creek Reservoir,0.004
2040-04-06,Squaw Creek Reservoir,0.0041
2040-04-07,Squaw Creek Reservoir,0.0039
2040-04-08,Squaw Creek Reservoir,0.0039
2040-04-09,Squaw Creek Reservoir,0.0039
2040-04-10,Squaw Creek Reservoir,0.0041
2040-04-11,Squaw Creek Reservoir,0.0165
2040-04-12,Squaw Creek Reservoir,0.0048
2040-04-13,Squaw Creek Reservoir,0.0039
2040-04-14,Squaw Creek Reservoir,0.0039
2040-04-15,Squaw Creek Reservoir,0.0038
2040-04-16,Squaw Creek Reservoir,0.0038
2040-04-17,Squaw Creek Reservoir,0.0057
2040-04-18,Squaw Creek Reservoir,0.0038
2040-04-19,Squaw Creek Reservoir,0.004
2040-04-20,Squaw Creek Reservoir,0.0038
2040-04-21,Squaw Creek Reservoir,0.0038
2040-04-22,Squaw Creek Reservoir,0.0038
2040-04-23,Squaw Creek Reservoir,0.0038
2040-04-24,Squaw Creek Reservoir,0.0038
2040-04-25,Squaw Creek Reservoir,0.0051
2040-04-26,Squaw Creek Reservoir,0.0219
2040-04-27,Squaw Creek Reservoir,0.2212
2040-04-28,Squaw Creek Reservoir,0.0037
2040-04-29,Squaw Creek Reservoir,0.0037
2040-04-30,Squaw Creek Reservoir,0.1
2040-05-01,Squaw Creek Reservoir,0.1035
2040-05-02,Squaw Creek Reservoir,0.0094
2040-05-03,Squaw Creek Reservoir,0.0039
2040-05-04,Squaw Creek Reservoir,0.004
2040-05-05,Squaw Creek Reservoir,0.004
2040-05-06,Squaw Creek Reservoir,0.0041
2040-05-07,Squaw Creek Reservoir,0.0041
2040-05-08,Squaw Creek Reservoir,0.0376
2040-05-09,Squaw Creek Reservoir,0.0052
2040-05-10,Squaw Creek Reservoir,0.3573
2040-05-11,Squaw Creek Reservoir,0.0196
2040-05-12,Squaw Creek Reservoir,0.0957
2040-05-13,Squaw Creek Reservoir,0.0388
2040-05-14,Squaw Creek Reservoir,0.0291
2040-05-15,Squaw Creek Reservoir,0.0274
2040-05-16,Squaw Creek Reservoir,0.0257
2040-05-17,Squaw Creek Reservoir,0.0227
2040-05-18,Squaw Creek Reservoir,0.0203
2040-05-19,Squaw Creek Reservoir,0.0826
2040-05-20,Squaw Creek Reservoir,0.0178
2040-05-21,Squaw Creek Reservoir,0.0156
2040-05-22,Squaw Creek Reservoir,0.0144
2040-05-23,Squaw Creek Reservoir,0.0133
2040-05-24,Squaw Creek Reservoir,0.0129
2040-05-25,Squaw Creek Reservoir,0.0118
2040-05-26,Squaw Creek Reservoir,0.0111
2040-05-27,Squaw Creek Reservoir,0.0105
2040-05-28,Squaw Creek Reservoir,0.01
2040-05-29,Squaw Creek Reservoir,0.0096
2040-05-30,Squaw Creek Reservoir,0.0095
2040-05-31,Squaw Creek Reservoir,0.0092
2040-06-01,Squaw Creek Reservoir,0.0084
2040-06-02,Squaw Creek Reservoir,0.011
2040-06-03,Squaw Creek Reservoir,0.0081
2040-06-04,Squaw Creek Reservoir,0.0083
2040-06-05,Squaw Creek Reservoir,0.0073
2040-06-06,Squaw Creek Reservoir,0.007
2040-06-07,Squaw Creek Reservoir,0.0094
2040-06-08,Squaw Creek Reservoir,0.1728
2040-06-09,Squaw Creek Reservoir,0.0108
2040-06-10,Squaw Creek Reservoir,0.0064
2040-06-11,Squaw Creek Reservoir,0.0063
2040-06-12,Squaw Creek Reservoir,0.0062
2040-06-13,Squaw Creek Reservoir,0.0062
2040-06-14,Squaw Creek Reservoir,0.0081
2040-06-15,Squaw Creek Reservoir,0.1153
2040-06-16,Squaw Creek Reservoir,0.1199
2040-06-17,Squaw Creek Reservoir,0.0533
2040-06-18,Squaw Creek Reservoir,0.02
2040-06-19,Squaw Creek Reservoir,0.0164
2040-06-20,Squaw Creek Reservoir,0.0153
2040-06-21,Squaw Creek Reservoir,0.0143
2040-06-22,Squaw Creek Reservoir,0.0132
2040-06-23,Squaw Creek Reservoir,0.0124
2040-06-24,Squaw Creek Reservoir,0.0116
2040-06-25,Squaw Creek Reservoir,0.0109
2040-06-26,Squaw Creek Reservoir,0.0106
2040-06-27,Squaw Creek Reservoir,0.0112
2040-06-28,Squaw Creek Reservoir,0.0096
2040-06-29,Squaw Creek Reservoir,0.0091
2040-06-30,Squaw Creek Reservoir,0.0088
2040-07-01,Squaw Creek Reservoir,0.0083
2040-07-02,Squaw Creek Reservoir,0.0079
2040-07-03,Squaw Creek Reservoir,0.0076
2040-07-04,Squaw Creek Reservoir,0.0082
2040-07-05,Squaw Creek Reservoir,0.1109
2040-07-06,Squaw Creek Reservoir,0.0193
2040-07-07,Squaw Creek Reservoir,0.0123
2040-07-08,Squaw Creek Reservoir,0.0085
2040-07-09,Squaw Creek Reservoir,0.0079
2040-07-10,Squaw Creek Reservoir,0.007
2040-07-11,Squaw Creek Reservoir,0.0068
2040-07-12,Squaw Creek Reservoir,0.0066
2040-07-13,Squaw Creek Reservoir,0.0064
2040-07-14,Squaw Creek Reservoir,0.0062
2040-07-15,Squaw Creek Reservoir,0.006
2040-07-16,Squaw Creek Reservoir,0.0059
2040-07-17,Squaw Creek Reservoir,0.0058
2040-07-18,Squaw Creek Reservoir,0.0056
2040-07-19,Squaw Creek Reservoir,0.006
2040-07-20,Squaw Creek Reservoir,0.0064
2040-07-21,Squaw Creek Reservoir,0.006
2040-07-22,Squaw Creek Reservoir,0.0053
2040-07-23,Squaw Creek Reservoir,0.0054
2040-07-24,Squaw Creek Reservoir,0.0071
2040-07-25,Squaw Creek Reservoir,0.0077
2040-07-26,Squaw Creek Reservoir,0.0934
2040-07-27,Squaw Creek Reservoir,0.0746
2040-07-28,Squaw Creek Reservoir,0.0076
2040-07-29,Squaw Creek Reservoir,0.0139
2040-07-30,Squaw Creek Reservoir,0.0085
2040-07-31,Squaw Creek Reservoir,0.0078
2040-08-01,Squaw Creek Reservoir,0.01
2040-08-02,Squaw Creek Reservoir,0.0075
2040-08-03,Squaw Creek Reservoir,0.007
2040-08-04,Squaw Creek Reservoir,0.006
2040-08-05,Squaw Creek Reservoir,0.0063
2040-08-06,Squaw Creek Reservoir,0.0058
2040-08-07,Squaw Creek Reservoir,0.0057
2040-08-08,Squaw Creek Reservoir,0.0056
2040-08-09,Squaw Creek Reservoir,0.0054
2040-08-10,Squaw Creek Reservoir,0.0054
2040-08-11,Squaw Creek Reservoir,0.0053
2040-08-12,Squaw Creek Reservoir,0.0054
2040-08-13,Squaw Creek Reservoir,0.0053
2040-08-14,Squaw Creek Reservoir,0.0052
2040-08-15,Squaw Creek Reservoir,0.0051
2040-08-16,Squaw Creek Reservoir,0.0051
2040-08-17,Squaw Creek Reservoir,0.0051
2040-08-18,Squaw Creek Reservoir,0.005
2040-08-19,Squaw Creek Reservoir,0.005
2040-08-20,Squaw Creek Reservoir,0.005
2040-08-21,Squaw Creek Reservoir,0.0049
2040-08-22,Squaw Creek Reservoir,0.0049
2040-08-23,Squaw Creek Reservoir,0.0049
2040-08-24,Squaw Creek Reservoir,0.0049
2040-08-25,Squaw Creek Reservoir,0.0048
2040-08-26,Squaw Creek Reservoir,0.0048
2040-08-27,Squaw Creek Reservoir,0.0048
2040-08-28,Squaw Creek Reservoir,0.0048
2040-08-29,Squaw Creek Reservoir,0.0048
2040-08-30,Squaw Creek Reservoir,0.0056
2040-08-31,Squaw Creek Reservoir,0.008
2040-09-01,Squaw Creek Reservoir,0.0526
2040-09-02,Squaw Creek Reservoir,0.0134
2040-09-03,Squaw Creek Reservoir,0.0071
2040-09-04,Squaw Creek Reservoir,0.0046
2040-09-05,Squaw Creek Reservoir,0.0046
2040-09-06,Squaw Creek Reservoir,0.0046
2040-09-07,Squaw Creek Reservoir,0.0046
2040-09-08,Squaw Creek Reservoir,0.0046
2040-09-09,Squaw Creek Reservoir,0.0045
2040-09-10,Squaw Creek Reservoir,0.0045
2040-09-11,Squaw Creek Reservoir,0.0045
2040-09-12,Squaw Creek Reservoir,0.0044
2040-09-13,Squaw Creek Reservoir,0.0046
2040-09-14,Squaw Creek Reservoir,0.0051
2040-09-15,Squaw Creek Reservoir,0.0046
2040-09-16,Squaw Creek Reservoir,0.0044
2040-09-17,Squaw Creek Reservoir,0.0043
2040-09-18,Squaw Creek Reservoir,0.0043
2040-09-19,Squaw Creek Reservoir,0.0043
2040-09-20,Squaw Creek Reservoir,0.0042
2040-09-21,Squaw Creek Reservoir,0.0042
2040-09-22,Squaw Creek Reservoir,0.006
2040-09-23,Squaw Creek Reservoir,0.0042
2040-09-24,Squaw Creek Reservoir,0.0042
2040-09-25,Squaw Creek Reservoir,0.0041
2040-09-26,Squaw Creek Reservoir,0.0041
2040-09-27,Squaw Creek Reservoir,0.0041
2040-09-28,Squaw Creek Reservoir,0.0041
2040-09-29,Squaw Creek Reservoir,0.0151
2040-09-30,Squaw Creek Reservoir,0.0073
2040-10-01,Squaw Creek Reservoir,0.0074
2040-10-02,Squaw Creek Reservoir,0.5086
2040-10-03,Squaw Creek Reservoir,0.1173
2040-10-04,Squaw Creek Reservoir,0.0615
2040-10-05,Squaw Creek Reservoir,0.0444
2040-10-06,Squaw Creek Reservoir,0.0376
2040-10-07,Squaw Creek Reservoir,0.038
2040-10-08,Squaw Creek Reservoir,0.0281
2040-10-09,Squaw Creek Reservoir,0.0245
2040-10-10,Squaw Creek Reservoir,0.0217
2040-10-11,Squaw Creek Reservoir,0.0194
2040-10-12,Squaw Creek Reservoir,0.0176
2040-10-13,Squaw Creek Reservoir,0.0161
2040-10-14,Squaw Creek Reservoir,0.0148
2040-10-15,Squaw Creek Reservoir,0.0138
2040-10-16,Squaw Creek Reservoir,0.0129
2040-10-17,Squaw Creek Reservoir,0.012
2040-10-18,Squaw Creek Reservoir,0.0117
2040-10-19,Squaw Creek Reservoir,0.0107
2040-10-20,Squaw Creek Reservoir,0.0102
2040-10-21,Squaw Creek Reservoir,0.0097
2040-10-22,Squaw Creek Reservoir,0.0092
2040-10-23,Squaw Creek Reservoir,0.0098
2040-10-24,Squaw Creek Reservoir,0.0148
2040-10-25,Squaw Creek Reservoir,0.0081
2040-10-26,Squaw Creek Reservoir,0.0078
2040-10-27,Squaw Creek Reservoir,0.0075
2040-10-28,Squaw Creek Reservoir,0.0072
2040-10-29,Squaw Creek Reservoir,0.007
2040-10-30,Squaw Creek Reservoir,0.0067
2040-10-31,Squaw Creek Reservoir,0.0065
2040-11-01,Squaw Creek Reservoir,0.0063
2040-11-02,Squaw Creek Reservoir,0.0062
2040-11-03,Squaw Creek Reservoir,0.006
2040-11-04,Squaw Creek Reservoir,0.0058
2040-11-05,Squaw Creek Reservoir,0.0057
2040-11-06,Squaw Creek Reservoir,0.0056
2040-11-07,Squaw Creek Reservoir,0.0055
2040-11-08,Squaw Creek Reservoir,0.0054
2040-11-09,Squaw Creek Reservoir,0.0054
2040-11-10,Squaw Creek Reservoir,0.0053
2040-11-11,Squaw Creek Reservoir,0.0052
2040-11-12,Squaw Creek Reservoir,0.0051
2040-11-13,Squaw Creek Reservoir,0.0051
2040-11-14,Squaw Creek Reservoir,0.005
2040-11-15,Squaw Creek Reservoir,0.005
2040-11-16,Squaw Creek Reservoir,0.005
2040-11-17,Squaw Creek Reservoir,0.0049
2040-11-18,Squaw Creek Reservoir,0.0049
2040-11-19,Squaw Creek Reservoir,0.0049
2040-11-20,Squaw Creek Reservoir,0.005
2040-11-21,Squaw Creek Reservoir,0.0049
2040-11-22,Squaw Creek Reservoir,0.0049
2040-11-23,Squaw Creek Reservoir,0.0049
2040-11-24,Squaw Creek Reservoir,0.0051
2040-11-25,Squaw Creek Reservoir,0.0048
2040-11-26,Squaw Creek Reservoir,0.0048
2040-11-27,Squaw Creek Reservoir,0.0048
2040-11-28,Squaw Creek Reservoir,0.0048
2040-11-29,Squaw Creek Reservoir,0.0047
2040-11-30,Squaw Creek Reservoir,0.0047
2040-12-01,Squaw Creek Reservoir,0.0047
2040-12-02,Squaw Creek Reservoir,0.0047
2040-12-03,Squaw Creek Reservoir,0.0047
2040-12-04,Squaw Creek Reservoir,0.0046
2040-12-05,Squaw Creek Reservoir,0.0046
2040-12-06,Squaw Creek Reservoir,0.0046
2040-12-07,Squaw Creek Reservoir,0.0046
2040-12-08,Squaw Creek Reservoir,0.0056
2040-12-09,Squaw Creek Reservoir,0.0045
2040-12-10,Squaw Creek Reservoir,0.0045
2040-12-11,Squaw Creek Reservoir,0.0056
2040-12-12,Squaw Creek Reservoir,0.0044
2040-12-13,Squaw Creek Reservoir,0.0044
2040-12-14,Squaw Creek Reservoir,0.0044
2040-12-15,Squaw Creek Reservoir,0.0059
2040-12-16,Squaw Creek Reservoir,0.0525
2040-12-17,Squaw Creek Reservoir,0.0043
2040-12-18,Squaw Creek Reservoir,0.0043
2040-12-19,Squaw Creek Reservoir,0.0043
2040-12-20,Squaw Creek Reservoir,0.0088
2040-12-21,Squaw Creek Reservoir,0.0155
2040-12-22,Squaw Creek Reservoir,0.0042
2040-12-23,Squaw Creek Reservoir,0.0042
2040-12-24,Squaw Creek Reservoir,0.0042
2040-12-25,Squaw Creek Reservoir,0.0041
2040-12-26,Squaw Creek Reservoir,0.0041
2040-12-27,Squaw Creek Reservoir,0.0041
2040-12-28,Squaw Creek Reservoir,0.0041
2040-12-29,Squaw Creek Reservoir,0.0042
2040-12-30,Squaw Creek Reservoir,0.004
2040-12-31,Squaw Creek Reservoir,0.004
2041-01-01,Squaw Creek Reservoir,0.004
2041-01-02,Squaw Creek Reservoir,0.0039
2041-01-03,Squaw Creek Reservoir,0.0039
2041-01-04,Squaw Creek Reservoir,0.0039
2041-01-05,Squaw Creek Reservoir,0.0039
2041-01-06,Squaw Creek Reservoir,0.0038
2041-01-07,Squaw Creek Reservoir,0.0038
2041-01-08,Squaw Creek Reservoir,0.0038
2041-01-09,Squaw Creek Reservoir,0.0038
2041-01-10,Squaw Creek Reservoir,0.0037
2041-01-11,Squaw Creek Reservoir,0.0037
2041-01-12,Squaw Creek Reservoir,0.0037
2041-01-13,Squaw Creek Reservoir,0.0178
2041-01-14,Squaw Creek Reservoir,0.0036
2041-01-15,Squaw Creek Reservoir,0.0036
2041-01-16,Squaw Creek Reservoir,0.0036
2041-01-17,Squaw Creek Reservoir,0.0038
2041-01-18,Squaw Creek Reservoir,0.013
2041-01-19,Squaw Creek Reservoir,0.0136
2041-01-20,Squaw Creek Reservoir,0.0148
2041-01-21,Squaw Creek Reservoir,0.004
2041-01-22,Squaw Creek Reservoir,0.0035
2041-01-23,Squaw Creek Reservoir,0.1625
2041-01-24,Squaw Creek Reservoir,0.0056
2041-01-25,Squaw Creek Reservoir,0.0034
2041-01-26,Squaw Creek Reservoir,0.0421
2041-01-27,Squaw Creek Reservoir,0.0082
2041-01-28,Squaw Creek Reservoir,0.0034
2041-01-29,Squaw Creek Reservoir,0.0034
2041-01-30,Squaw Creek Reservoir,0.0034
2041-01-31,Squaw Creek Reservoir,0.0034
2041-02-01,Squaw Creek Reservoir,0.0035
2041-02-02,Squaw Creek Reservoir,0.0104
2041-02-03,Squaw Creek Reservoir,0.0038
2041-02-04,Squaw Creek Reservoir,0.0036
2041-02-05,Squaw Creek Reservoir,0.0035
2041-02-06,Squaw Creek Reservoir,0.134
2041-02-07,Squaw Creek Reservoir,0.0264
2041-02-08,Squaw Creek Reservoir,0.0035
2041-02-09,Squaw Creek Reservoir,0.0036
2041-02-10,Squaw Creek Reservoir,0.0036
2041-02-11,Squaw Creek Reservoir,0.0036
2041-02-12,Squaw Creek Reservoir,0.0037
2041-02-13,Squaw Creek Reservoir,0.0083
2041-02-14,Squaw Creek Reservoir,0.0306
2041-02-15,Squaw Creek Reservoir,0.0496
2041-02-16,Squaw Creek Reservoir,0.0853
2041-02-17,Squaw Creek Reservoir,0.0041
2041-02-18,Squaw Creek Reservoir,0.0039
2041-02-19,Squaw Creek Reservoir,0.004
2041-02-20,Squaw Creek Reservoir,0.0041
2041-02-21,Squaw Creek Reservoir,0.0042
2041-02-22,Squaw Creek Reservoir,0.0042
2041-02-23,Squaw Creek Reservoir,0.0044
2041-02-24,Squaw Creek Reservoir,0.0044
2041-02-25,Squaw Creek Reservoir,0.0044
2041-02-26,Squaw Creek Reservoir,0.0045
2041-02-27,Squaw Creek Reservoir,0.0286
2041-02-28,Squaw Creek Reservoir,0.0064
2041-03-01,Squaw Creek Reservoir,0.0052
2041-03-02,Squaw Creek Reservoir,0.0091
2041-03-03,Squaw Creek Reservoir,0.0372
2041-03-04,Squaw Creek Reservoir,0.0073
2041-03-05,Squaw Creek Reservoir,0.005
2041-03-06,Squaw Creek Reservoir,0.005
2041-03-07,Squaw Creek Reservoir,0.0049
2041-03-08,Squaw Creek Reservoir,0.005
2041-03-09,Squaw Creek Reservoir,0.006
2041-03-10,Squaw Creek Reservoir,0.0048
2041-03-11,Squaw Creek Reservoir,0.0048
2041-03-12,Squaw Creek Reservoir,0.0052
2041-03-13,Squaw Creek Reservoir,0.0132
2041-03-14,Squaw Creek Reservoir,0.0048
2041-03-15,Squaw Creek Reservoir,0.0047
2041-03-16,Squaw Creek Reservoir,0.0047
2041-03-17,Squaw Creek Reservoir,0.0047
2041-03-18,Squaw Creek Reservoir,0.0049
2041-03-19,Squaw Creek Reservoir,0.0046
2041-03-20,Squaw Creek Reservoir,0.0046
2041-03-21,Squaw Creek Reservoir,0.0046
2041-03-22,Squaw Creek Reservoir,0.0046
2041-03-23,Squaw Creek Reservoir,0.0046
2041-03-24,Squaw Creek Reservoir,0.0046
2041-03-25,Squaw Creek Reservoir,0.0046
2041-03-26,Squaw Creek Reservoir,0.0046
2041-03-27,Squaw Creek Reservoir,0.0048
2041-03-28,Squaw Creek Reservoir,0.0046
2041-03-29,Squaw Creek Reservoir,0.0045
2041-03-30,Squaw Creek Reservoir,0.0045
2041-03-31,Squaw Creek Reservoir,0.0045
2041-04-01,Squaw Creek Reservoir,0.0045
2041-04-02,Squaw Creek Reservoir,0.0045
2041-04-03,Squaw Creek Reservoir,0.0044
2041-04-04,Squaw Creek Reservoir,0.0144
2041-04-05,Squaw Creek Reservoir,0.0061
2041-04-06,Squaw Creek Reservoir,0.0044
2041-04-07,Squaw Creek Reservoir,0.0044
2041-04-08,Squaw Creek Reservoir,0.0044
2041-04-09,Squaw Creek Reservoir,0.0043
2041-04-10,Squaw Creek Reservoir,0.0043
2041-04-11,Squaw Creek Reservoir,0.0043
2041-04-12,Squaw Creek Reservoir,0.0044
2041-04-13,Squaw Creek Reservoir,0.0063
2041-04-14,Squaw Creek Reservoir,0.1375
2041-04-15,Squaw Creek Reservoir,0.0122
2041-04-16,Squaw Creek Reservoir,0.0056
2041-04-17,Squaw Creek Reservoir,0.0358
2041-04-18,Squaw Creek Reservoir,0.0088
2041-04-19,Squaw Creek Reservoir,0.029
2041-04-20,Squaw Creek Reservoir,0.0087
2041-04-21,Squaw Creek Reservoir,0.0046
2041-04-22,Squaw Creek Reservoir,0.0075
2041-04-23,Squaw Creek Reservoir,0.0061
2041-04-24,Squaw Creek Reservoir,0.0042
2041-04-25,Squaw Creek Reservoir,0.0043
2041-04-26,Squaw Creek Reservoir,0.0043
2041-04-27,Squaw Creek Reservoir,0.0042
2041-04-28,Squaw Creek Reservoir,0.0042
2041-04-29,Squaw Creek Reservoir,0.0042
2041-04-30,Squaw Creek Reservoir,0.0042
2041-05-01,Squaw Creek Reservoir,0.0042
2041-05-02,Squaw Creek Reservoir,0.0043
2041-05-03,Squaw Creek Reservoir,0.0042
2041-05-04,Squaw Creek Reservoir,0.0042
2041-05-05,Squaw Creek Reservoir,0.008
2041-05-06,Squaw Creek Reservoir,0.0042
2041-05-07,Squaw Creek Reservoir,0.0042
2041-05-08,Squaw Creek Reservoir,0.0987
2041-05-09,Squaw Creek Reservoir,0.0041
2041-05-10,Squaw Creek Reservoir,0.0041
2041-05-11,Squaw Creek Reservoir,0.0041
2041-05-12,Squaw Creek Reservoir,0.0041
2041-05-13,Squaw Creek Reservoir,0.0041
2041-05-14,Squaw Creek Reservoir,0.0046
2041-05-15,Squaw Creek Reservoir,0.0041
2041-05-16,Squaw Creek Reservoir,0.0041
2041-05-17,Squaw Creek Reservoir,0.004
2041-05-18,Squaw Creek Reservoir,0.004
2041-05-19,Squaw Creek Reservoir,0.0042
2041-05-20,Squaw Creek Reservoir,0.0041
2041-05-21,Squaw Creek Reservoir,0.004
2041-05-22,Squaw Creek Reservoir,0.004
2041-05-23,Squaw Creek Reservoir,0.0039
2041-05-24,Squaw Creek Reservoir,0.0039
2041-05-25,Squaw Creek Reservoir,0.0039
2041-05-26,Squaw Creek Reservoir,0.0039
2041-05-27,Squaw Creek Reservoir,0.0061
2041-05-28,Squaw Creek Reservoir,0.0615
2041-05-29,Squaw Creek Reservoir,0.0353
2041-05-30,Squaw Creek Reservoir,0.0085
2041-05-31,Squaw Creek Reservoir,0.0596
2041-06-01,Squaw Creek Reservoir,0.005
2041-06-02,Squaw Creek Reservoir,0.0038
2041-06-03,Squaw Creek Reservoir,0.0038
2041-06-04,Squaw Creek Reservoir,0.0038
2041-06-05,Squaw Creek Reservoir,0.0038
2041-06-06,Squaw Creek Reservoir,0.0097
2041-06-07,Squaw Creek Reservoir,0.0038
2041-06-08,Squaw Creek Reservoir,0.0037
2041-06-09,Squaw Creek Reservoir,0.0038
2041-06-10,Squaw Creek Reservoir,0.0037
2041-06-11,Squaw Creek Reservoir,0.0037
2041-06-12,Squaw Creek Reservoir,0.0037
2041-06-13,Squaw Creek Reservoir,0.0037
2041-06-14,Squaw Creek Reservoir,0.0036
2041-06-15,Squaw Creek Reservoir,0.0036
2041-06-16,Squaw Creek Reservoir,0.0036
2041-06-17,Squaw Creek Reservoir,0.0036
2041-06-18,Squaw Creek Reservoir,0.0036
2041-06-19,Squaw Creek Reservoir,0.0036
2041-06-20,Squaw Creek Reservoir,0.0036
2041-06-21,Squaw Creek Reservoir,0.0036
2041-06-22,Squaw Creek Reservoir,0.0035
2041-06-23,Squaw Creek Reservoir,0.0035
2041-06-24,Squaw Creek Reservoir,0.0138
2041-06-25,Squaw Creek Reservoir,0.0064
2041-06-26,Squaw Creek Reservoir,0.0166
2041-06-27,Squaw Creek Reservoir,0.0035
2041-06-28,Squaw Creek Reservoir,0.0035
2041-06-29,Squaw Creek Reservoir,0.0034
2041-06-30,Squaw Creek Reservoir,0.0034
2041-07-01,Squaw Creek Reservoir,0.0034
2041-07-02,Squaw Creek Reservoir,0.0045
2041-07-03,Squaw Creek Reservoir,0.0034
2041-07-04,Squaw Creek Reservoir,0.0034
2041-07-05,Squaw Creek Reservoir,0.0033
2041-07-06,Squaw Creek Reservoir,0.0033
2041-07-07,Squaw Creek Reservoir,0.0033
2041-07-08,Squaw Creek Reservoir,0.0033
2041-07-09,Squaw Creek Reservoir,0.0038
2041-07-10,Squaw Creek Reservoir,0.0042
2041-07-11,Squaw Creek Reservoir,0.004
2041-07-12,Squaw Creek Reservoir,0.0034
2041-07-13,Squaw Creek Reservoir,0.0032
2041-07-14,Squaw Creek Reservoir,0.0032
2041-07-15,Squaw Creek Reservoir,0.0032
2041-07-16,Squaw Creek Reservoir,0.0033
2041-07-17,Squaw Creek Reservoir,0.0032
2041-07-18,Squaw Creek Reservoir,0.0033
2041-07-19,Squaw Creek Reservoir,0.0158
2041-07-20,Squaw Creek Reservoir,0.0055
2041-07-21,Squaw Creek Reservoir,0.0032
2041-07-22,Squaw Creek Reservoir,0.0032
2041-07-23,Squaw Creek Reservoir,0.0049
2041-07-24,Squaw Creek Reservoir,0.0047
2041-07-25,Squaw Creek Reservoir,0.003
2041-07-26,Squaw Creek Reservoir,0.003
2041-07-27,Squaw Creek Reservoir,0.003
2041-07-28,Squaw Creek Reservoir,0.0044
2041-07-29,Squaw Creek Reservoir,0.0096
2041-07-30,Squaw Creek Reservoir,0.0033
2041-07-31,Squaw Creek Reservoir,0.003
2041-08-01,Squaw Creek Reservoir,0.003
2041-08-02,Squaw Creek Reservoir,0.0036
2041-08-03,Squaw Creek Reservoir,0.0039
2041-08-04,Squaw Creek Reservoir,0.0028
2041-08-05,Squaw Creek Reservoir,0.0034
2041-08-06,Squaw Creek Reservoir,0.0028
2041-08-07,Squaw Creek Reservoir,0.0028
2041-08-08,Squaw Creek Reservoir,0.0028
2041-08-09,Squaw Creek Reservoir,0.0028
2041-08-10,Squaw Creek Reservoir,0.0028
2041-08-11,Squaw Creek Reservoir,0.0027
2041-08-12,Squaw Creek Reservoir,0.0027
2041-08-13,Squaw Creek Reservoir,0.0038
2041-08-14,Squaw Creek Reservoir,0.0031
2041-08-15,Squaw Creek Reservoir,0.0027
2041-08-16,Squaw Creek Reservoir,0.0038
2041-08-17,Squaw Creek Reservoir,0.0094
2041-08-18,Squaw Creek Reservoir,0.0915
2041-08-19,Squaw Creek Reservoir,0.0063
2041-08-20,Squaw Creek Reservoir,0.0042
2041-08-21,Squaw Creek Reservoir,0.0303
2041-08-22,Squaw Creek Reservoir,0.0026
2041-08-23,Squaw Creek Reservoir,0.0032
2041-08-24,Squaw Creek Reservoir,0.0093
2041-08-25,Squaw Creek Reservoir,0.0026
2041-08-26,Squaw Creek Reservoir,0.0025
2041-08-27,Squaw Creek Reservoir,0.0025
2041-08-28,Squaw Creek Reservoir,0.0025
2041-08-29,Squaw Creek Reservoir,0.0025
2041-08-30,Squaw Creek Reservoir,0.0025
2041-08-31,Squaw Creek Reservoir,0.004
2041-09-01,Squaw Creek Reservoir,0.0449
2041-09-02,Squaw Creek Reservoir,0.0026
2041-09-03,Squaw Creek Reservoir,0.0448
2041-09-04,Squaw Creek Reservoir,0.0026
2041-09-05,Squaw Creek Reservoir,0.0062
2041-09-06,Squaw Creek Reservoir,0.0058
2041-09-07,Squaw Creek Reservoir,0.0031
2041-09-08,Squaw Creek Reservoir,0.0024
2041-09-09,Squaw Creek Reservoir,0.0024
2041-09-10,Squaw Creek Reservoir,0.0024
2041-09-11,Squaw Creek Reservoir,0.0024
2041-09-12,Squaw Creek Reservoir,0.0025
2041-09-13,Squaw Creek Reservoir,0.0024
2041-09-14,Squaw Creek Reservoir,0.0024
2041-09-15,Squaw Creek Reservoir,0.0067
2041-09-16,Squaw Creek Reservoir,0.055
2041-09-17,Squaw Creek Reservoir,0.0026
2041-09-18,Squaw Creek Reservoir,0.0241
2041-09-19,Squaw Creek Reservoir,0.0023
2041-09-20,Squaw Creek Reservoir,0.0302
2041-09-21,Squaw Creek Reservoir,0.0023
2041-09-22,Squaw Creek Reservoir,0.0023
2041-09-23,Squaw Creek Reservoir,0.0023
2041-09-24,Squaw Creek Reservoir,0.0023
2041-09-25,Squaw Creek Reservoir,0.0023
2041-09-26,Squaw Creek Reservoir,0.0023
2041-09-27,Squaw Creek Reservoir,0.0023
2041-09-28,Squaw Creek Reservoir,0.0023
2041-09-29,Squaw Creek Reservoir,0.0023
2041-09-30,Squaw Creek Reservoir,0.0023
2041-10-01,Squaw Creek Reservoir,0.0023
2041-10-02,Squaw Creek Reservoir,0.0065
2041-10-03,Squaw Creek Reservoir,0.0023
2041-10-04,Squaw Creek Reservoir,0.0023
2041-10-05,Squaw Creek Reservoir,0.0023
2041-10-06,Squaw Creek Reservoir,0.0106
2041-10-07,Squaw Creek Reservoir,0.1348
2041-10-08,Squaw Creek Reservoir,0.0023
2041-10-09,Squaw Creek Reservoir,0.0023
2041-10-10,Squaw Creek Reservoir,0.0023
2041-10-11,Squaw Creek Reservoir,0.0023
2041-10-12,Squaw Creek Reservoir,0.0028
2041-10-13,Squaw Creek Reservoir,0.0027
2041-10-14,Squaw Creek Reservoir,0.0023
2041-10-15,Squaw Creek Reservoir,0.0023
2041-10-16,Squaw Creek Reservoir,0.0023
2041-10-17,Squaw Creek Reservoir,0.0023
2041-10-18,Squaw Creek Reservoir,0.0023
2041-10-19,Squaw Creek Reservoir,0.0023
2041-10-20,Squaw Creek Reservoir,0.0023
2041-10-21,Squaw Creek Reservoir,0.0023
2041-10-22,Squaw Creek Reservoir,0.0023
2041-10-23,Squaw Creek Reservoir,0.0023
2041-10-24,Squaw Creek Reservoir,0.0023
2041-10-25,Squaw Creek Reservoir,0.0023
2041-10-26,Squaw Creek Reservoir,0.0023
2041-10-27,Squaw Creek Reservoir,0.0023
2041-10-28,Squaw Creek Reservoir,0.0023
2041-10-29,Squaw Creek Reservoir,0.0023
2041-10-30,Squaw Creek Reservoir,0.0023
2041-10-31,Squaw Creek Reservoir,0.0031
2041-11-01,Squaw Creek Reservoir,0.0023
2041-11-02,Squaw Creek Reservoir,0.0023
2041-11-03,Squaw Creek Reservoir,0.0023
2041-11-04,Squaw Creek Reservoir,0.0023
2041-11-05,Squaw Creek Reservoir,0.0023
2041-11-06,Squaw Creek Reservoir,0.0023
2041-11-07,Squaw Creek Reservoir,0.0023
2041-11-08,Squaw Creek Reservoir,0.0023
2041-11-09,Squaw Creek Reservoir,0.0023
2041-11-10,Squaw Creek Reservoir,0.0023
2041-11-11,Squaw Creek Reservoir,0.0023
2041-11-12,Squaw Creek Reservoir,0.0023
2041-11-13,Squaw Creek Reservoir,0.0022
2041-11-14,Squaw Creek Reservoir,0.0022
2041-11-15,Squaw Creek Reservoir,0.0022
2041-11-16,Squaw Creek Reservoir,0.0022
2041-11-17,Squaw Creek Reservoir,0.0022
2041-11-18,Squaw Creek Reservoir,0.0022
2041-11-19,Squaw Creek Reservoir,0.0022
2041-11-20,Squaw Creek Reservoir,0.0022
2041-11-21,Squaw Creek Reservoir,0.0022
2041-11-22,Squaw Creek Reservoir,0.0022
2041-11-23,Squaw Creek Reservoir,0.0022
2041-11-24,Squaw Creek Reservoir,0.0092
2041-11-25,Squaw Creek Reservoir,0.0023
2041-11-26,Squaw Creek Reservoir,0.0022
2041-11-27,Squaw Creek Reservoir,0.0022
2041-11-28,Squaw Creek Reservoir,0.0022
2041-11-29,Squaw Creek Reservoir,0.0021
2041-11-30,Squaw Creek Reservoir,0.0021
2041-12-01,Squaw Creek Reservoir,0.0021
2041-12-02,Squaw Creek Reservoir,0.0021
2041-12-03,Squaw Creek Reservoir,0.0021
2041-12-04,Squaw Creek Reservoir,0.0908
2041-12-05,Squaw Creek Reservoir,0.0021
2041-12-06,Squaw Creek Reservoir,0.0021
2041-12-07,Squaw Creek Reservoir,0.0021
2041-12-08,Squaw Creek Reservoir,0.0021
2041-12-09,Squaw Creek Reservoir,0.0023
2041-12-10,Squaw Creek Reservoir,0.0022
2041-12-11,Squaw Creek Reservoir,0.002
2041-12-12,Squaw Creek Reservoir,0.002
2041-12-13,Squaw Creek Reservoir,0.002
2041-12-14,Squaw Creek Reservoir,0.0033
2041-12-15,Squaw Creek Reservoir,0.002
2041-12-16,Squaw Creek Reservoir,0.002
2041-12-17,Squaw Creek Reservoir,0.002
2041-12-18,Squaw Creek Reservoir,0.0294
2041-12-19,Squaw Creek Reservoir,0.0045
2041-12-20,Squaw Creek Reservoir,0.0249
2041-12-21,Squaw Creek Reservoir,0.004
2041-12-22,Squaw Creek Reservoir,0.002
2041-12-23,Squaw Creek Reservoir,0.002
2041-12-24,Squaw Creek Reservoir,0.0019
2041-12-25,Squaw Creek Reservoir,0.0019
2041-12-26,Squaw Creek Reservoir,0.0035
2041-12-27,Squaw Creek Reservoir,0.042
2041-12-28,Squaw Creek Reservoir,0.0069
2041-12-29,Squaw Creek Reservoir,0.0019
2041-12-30,Squaw Creek Reservoir,0.0019
2041-12-31,Squaw Creek Reservoir,0.0019
2042-01-01,Squaw Creek Reservoir,0.0019
2042-01-02,Squaw Creek Reservoir,0.0019
2042-01-03,Squaw Creek Reservoir,0.0019
2042-01-04,Squaw Creek Reservoir,0.0018
2042-01-05,Squaw Creek Reservoir,0.0018
2042-01-06,Squaw Creek Reservoir,0.002
2042-01-07,Squaw Creek Reservoir,0.0021
2042-01-08,Squaw Creek Reservoir,0.002
2042-01-09,Squaw Creek Reservoir,0.0064
2042-01-10,Squaw Creek Reservoir,0.0018
2042-01-11,Squaw Creek Reservoir,0.0018
2042-01-12,Squaw Creek Reservoir,0.0018
2042-01-13,Squaw Creek Reservoir,0.0018
2042-01-14,Squaw Creek Reservoir,0.0018
2042-01-15,Squaw Creek Reservoir,0.0018
2042-01-16,Squaw Creek Reservoir,0.0018
2042-01-17,Squaw Creek Reservoir,0.0018
2042-01-18,Squaw Creek Reservoir,0.0018
2042-01-19,Squaw Creek Reservoir,0.0017
2042-01-20,Squaw Creek Reservoir,0.0018
2042-01-21,Squaw Creek Reservoir,0.0017
2042-01-22,Squaw Creek Reservoir,0.0017
2042-01-23,Squaw Creek Reservoir,0.0017
2042-01-24,Squaw Creek Reservoir,0.003
2042-01-25,Squaw Creek Reservoir,0.0018
2042-01-26,Squaw Creek Reservoir,0.0017
2042-01-27,Squaw Creek Reservoir,0.0017
2042-01-28,Squaw Creek Reservoir,0.0017
2042-01-29,Squaw Creek Reservoir,0.0017
2042-01-30,Squaw Creek Reservoir,0.0017
2042-01-31,Squaw Creek Reservoir,0.0016
2042-02-01,Squaw Creek Reservoir,0.0016
2042-02-02,Squaw Creek Reservoir,0.0016
2042-02-03,Squaw Creek Reservoir,0.0016
2042-02-04,Squaw Creek Reservoir,0.0016
2042-02-05,Squaw Creek Reservoir,0.0016
2042-02-06,Squaw Creek Reservoir,0.0016
2042-02-07,Squaw Creek Reservoir,0.0016
2042-02-08,Squaw Creek Reservoir,0.0031
2042-02-09,Squaw Creek Reservoir,0.025
2042-02-10,Squaw Creek Reservoir,0.004
2042-02-11,Squaw Creek Reservoir,0.0773
2042-02-12,Squaw Creek Reservoir,0.0238
2042-02-13,Squaw Creek Reservoir,0.0016
2042-02-14,Squaw Creek Reservoir,0.0016
2042-02-15,Squaw Creek Reservoir,0.0016
2042-02-16,Squaw Creek Reservoir,0.0019
2042-02-17,Squaw Creek Reservoir,0.0017
2042-02-18,Squaw Creek Reservoir,0.0015
2042-02-19,Squaw Creek Reservoir,0.0015
2042-02-20,Squaw Creek Reservoir,0.0015
2042-02-21,Squaw Creek Reservoir,0.0015
2042-02-22,Squaw Creek Reservoir,0.0015
2042-02-23,Squaw Creek Reservoir,0.0015
2042-02-24,Squaw Creek Reservoir,0.0015
2042-02-25,Squaw Creek Reservoir,0.0015
2042-02-26,Squaw Creek Reservoir,0.0015
2042-02-27,Squaw Creek Reservoir,0.0015
2042-02-28,Squaw Creek Reservoir,0.0015
2042-03-01,Squaw Creek Reservoir,0.0015
2042-03-02,Squaw Creek Reservoir,0.0015
2042-03-03,Squaw Creek Reservoir,0.0015
2042-03-04,Squaw Creek Reservoir,0.0015
2042-03-05,Squaw Creek Reservoir,0.0015
2042-03-06,Squaw Creek Reservoir,0.0015
2042-03-07,Squaw Creek Reservoir,0.0043
2042-03-08,Squaw Creek Reservoir,0.0558
2042-03-09,Squaw Creek Reservoir,0.0015
2042-03-10,Squaw Creek Reservoir,0.0434
2042-03-11,Squaw Creek Reservoir,0.0504
2042-03-12,Squaw Creek Reservoir,0.0016
2042-03-13,Squaw Creek Reservoir,0.0014
2042-03-14,Squaw Creek Reservoir,0.0014
2042-03-15,Squaw Creek Reservoir,0.0014
2042-03-16,Squaw Creek Reservoir,0.0014
2042-03-17,Squaw Creek Reservoir,0.0014
2042-03-18,Squaw Creek Reservoir,0.0014
2042-03-19,Squaw Creek Reservoir,0.0014
2042-03-20,Squaw Creek Reservoir,0.0014
2042-03-21,Squaw Creek Reservoir,0.0014
2042-03-22,Squaw Creek Reservoir,0.0014
2042-03-23,Squaw Creek Reservoir,0.0028
2042-03-24,Squaw Creek Reservoir,0.0024
2042-03-25,Squaw Creek Reservoir,0.006
2042-03-26,Squaw Creek Reservoir,0.0022
2042-03-27,Squaw Creek Reservoir,0.0014
2042-03-28,Squaw Creek Reservoir,0.0014
2042-03-29,Squaw Creek Reservoir,0.0042
2042-03-30,Squaw Creek Reservoir,0.0014
2042-03-31,Squaw Creek Reservoir,0.0014
2042-04-01,Squaw Creek Reservoir,0.0014
2042-04-02,Squaw Creek Reservoir,0.0028
2042-04-03,Squaw Creek Reservoir,0.0016
2042-04-04,Squaw Creek Reservoir,0.0016
2042-04-05,Squaw Creek Reservoir,0.0014
2042-04-06,Squaw Creek Reservoir,0.0014
2042-04-07,Squaw Creek Reservoir,0.0021
2042-04-08,Squaw Creek Reservoir,0.0014
2042-04-09,Squaw Creek Reservoir,0.0014
2042-04-10,Squaw Creek Reservoir,0.0014
2042-04-11,Squaw Creek Reservoir,0.0014
2042-04-12,Squaw Creek Reservoir,0.0014
2042-04-13,Squaw Creek Reservoir,0.0014
2042-04-14,Squaw Creek Reservoir,0.0014
2042-04-15,Squaw Creek Reservoir,0.0018
2042-04-16,Squaw Creek Reservoir,0.0014
2042-04-17,Squaw Creek Reservoir,0.0015
2042-04-18,Squaw Creek Reservoir,0.0014
2042-04-19,Squaw Creek Reservoir,0.0102
2042-04-20,Squaw Creek Reservoir,0.0015
2042-04-21,Squaw Creek Reservoir,0.0014
2042-04-22,Squaw Creek Reservoir,0.0014
2042-04-23,Squaw Creek Reservoir,0.0014
2042-04-24,Squaw Creek Reservoir,0.0014
2042-04-25,Squaw Creek Reservoir,0.0014
2042-04-26,Squaw Creek Reservoir,0.0013
2042-04-27,Squaw Creek Reservoir,0.0013
2042-04-28,Squaw Creek Reservoir,0.0013
2042-04-29,Squaw Creek Reservoir,0.0013
2042-04-30,Squaw Creek Reservoir,0.0013
2042-05-01,Squaw Creek Reservoir,0.002
2042-05-02,Squaw Creek Reservoir,0.0015
2042-05-03,Squaw Creek Reservoir,0.0017
2042-05-04,Squaw Creek Reservoir,0.0015
2042-05-05,Squaw Creek Reservoir,0.0034
2042-05-06,Squaw Creek Reservoir,0.0015
2042-05-07,Squaw Creek Reservoir,0.0021
2042-05-08,Squaw Creek Reservoir,0.0076
2042-05-09,Squaw Creek Reservoir,0.0052
2042-05-10,Squaw Creek Reservoir,0.0152
2042-05-11,Squaw Creek Reservoir,0.0056
2042-05-12,Squaw Creek Reservoir,0.0013
2042-05-13,Squaw Creek Reservoir,0.0013
2042-05-14,Squaw Creek Reservoir,0.0013
2042-05-15,Squaw Creek Reservoir,0.0542
2042-05-16,Squaw Creek Reservoir,0.0013
2042-05-17,Squaw Creek Reservoir,0.0013
2042-05-18,Squaw Creek Reservoir,0.0013
2042-05-19,Squaw Creek Reservoir,0.0012
2042-05-20,Squaw Creek Reservoir,0.0012
2042-05-21,Squaw Creek Reservoir,0.0012
2042-05-22,Squaw Creek Reservoir,0.0012
2042-05-23,Squaw Creek Reservoir,0.0012
2042-05-24,Squaw Creek Reservoir,0.0028
2042-05-25,Squaw Creek Reservoir,0.0022
2042-05-26,Squaw Creek Reservoir,0.0012
2042-05-27,Squaw Creek Reservoir,0.0012
2042-05-28,Squaw Creek Reservoir,0.0012
2042-05-29,Squaw Creek Reservoir,0.0012
2042-05-30,Squaw Creek Reservoir,0.0012
2042-05-31,Squaw Creek Reservoir,0.0012
2042-06-01,Squaw Creek Reservoir,0.0012
2042-06-02,Squaw Creek Reservoir,0.0018
2042-06-03,Squaw Creek Reservoir,0.2139
2042-06-04,Squaw Creek Reservoir,0.0096
2042-06-05,Squaw Creek Reservoir,0.0046
2042-06-06,Squaw Creek Reservoir,0.0012
2042-06-07,Squaw Creek Reservoir,0.0012
2042-06-08,Squaw Creek Reservoir,0.0012
2042-06-09,Squaw Creek Reservoir,0.0013
2042-06-10,Squaw Creek Reservoir,0.0013
2042-06-11,Squaw Creek Reservoir,0.0013
2042-06-12,Squaw Creek Reservoir,0.0013
2042-06-13,Squaw Creek Reservoir,0.0028
2042-06-14,Squaw Creek Reservoir,0.0013
2042-06-15,Squaw Creek Reservoir,0.0013
2042-06-16,Squaw Creek Reservoir,0.0014
2042-06-17,Squaw Creek Reservoir,0.0014
2042-06-18,Squaw Creek Reservoir,0.0014
2042-06-19,Squaw Creek Reservoir,0.0014
2042-06-20,Squaw Creek Reservoir,0.0014
2042-06-21,Squaw Creek Reservoir,0.0014
2042-06-22,Squaw Creek Reservoir,0.0014
2042-06-23,Squaw Creek Reservoir,0.0014
2042-06-24,Squaw Creek Reservoir,0.0014
2042-06-25,Squaw Creek Reservoir,0.0018
2042-06-26,Squaw Creek Reservoir,0.0014
2042-06-27,Squaw Creek Reservoir,0.0016
2042-06-28,Squaw Creek Reservoir,0.0014
2042-06-29,Squaw Creek Reservoir,0.0021
2042-06-30,Squaw Creek Reservoir,0.0055
2042-07-01,Squaw Creek Reservoir,0.0019
2042-07-02,Squaw Creek Reservoir,0.0017
2042-07-03,Squaw Creek Reservoir,0.0014
2042-07-04,Squaw Creek Reservoir,0.0015
2042-07-05,Squaw Creek Reservoir,0.0015
2042-07-06,Squaw Creek Reservoir,0.0015
2042-07-07,Squaw Creek Reservoir,0.0017
2042-07-08,Squaw Creek Reservoir,0.0017
2042-07-09,Squaw Creek Reservoir,0.0015
2042-07-10,Squaw Creek Reservoir,0.0015
2042-07-11,Squaw Creek Reservoir,0.0015
2042-07-12,Squaw Creek Reservoir,0.005
2042-07-13,Squaw Creek Reservoir,0.0799
2042-07-14,Squaw Creek Reservoir,0.0019
2042-07-15,Squaw Creek Reservoir,0.0026
2042-07-16,Squaw Creek Reservoir,0.0018
2042-07-17,Squaw Creek Reservoir,0.002
2042-07-18,Squaw Creek Reservoir,0.0021
2042-07-19,Squaw Creek Reservoir,0.0016
2042-07-20,Squaw Creek Reservoir,0.0015
2042-07-21,Squaw Creek Reservoir,0.0018
2042-07-22,Squaw Creek Reservoir,0.002
2042-07-23,Squaw Creek Reservoir,0.0661
2042-07-24,Squaw Creek Reservoir,0.0234
2042-07-25,Squaw Creek Reservoir,0.0045
2042-07-26,Squaw Creek Reservoir,0.0019
2042-07-27,Squaw Creek Reservoir,0.0015
2042-07-28,Squaw Creek Reservoir,0.0015
2042-07-29,Squaw Creek Reservoir,0.0015
2042-07-30,Squaw Creek Reservoir,0.0016
2042-07-31,Squaw Creek Reservoir,0.0023
2042-08-01,Squaw Creek Reservoir,0.0018
2042-08-02,Squaw Creek Reservoir,0.0024
2042-08-03,Squaw Creek Reservoir,0.0015
2042-08-04,Squaw Creek Reservoir,0.0015
2042-08-05,Squaw Creek Reservoir,0.0015
2042-08-06,Squaw Creek Reservoir,0.0015
2042-08-07,Squaw Creek Reservoir,0.0015
2042-08-08,Squaw Creek Reservoir,0.0015
2042-08-09,Squaw Creek Reservoir,0.0016
2042-08-10,Squaw Creek Reservoir,0.0015
2042-08-11,Squaw Creek Reservoir,0.0015
2042-08-12,Squaw Creek Reservoir,0.0015
2042-08-13,Squaw Creek Reservoir,0.0015
2042-08-14,Squaw Creek Reservoir,0.0016
2042-08-15,Squaw Creek Reservoir,0.0288
2042-08-16,Squaw Creek Reservoir,0.1319
2042-08-17,Squaw Creek Reservoir,0.0029
2042-08-18,Squaw Creek Reservoir,0.0194
2042-08-19,Squaw Creek Reservoir,0.0016
2042-08-20,Squaw Creek Reservoir,0.0016
2042-08-21,Squaw Creek Reservoir,0.0016
2042-08-22,Squaw Creek Reservoir,0.0016
2042-08-23,Squaw Creek Reservoir,0.0016
2042-08-24,Squaw Creek Reservoir,0.0033
2042-08-25,Squaw Creek Reservoir,0.0017
2042-08-26,Squaw Creek Reservoir,0.0016
2042-08-27,Squaw Creek Reservoir,0.0016
2042-08-28,Squaw Creek Reservoir,0.0016
2042-08-29,Squaw Creek Reservoir,0.0016
2042-08-30,Squaw Creek Reservoir,0.0016
2042-08-31,Squaw Creek Reservoir,0.0016
2042-09-01,Squaw Creek Reservoir,0.0198
2042-09-02,Squaw Creek Reservoir,0.0036
2042-09-03,Squaw Creek Reservoir,0.0019
2042-09-04,Squaw Creek Reservoir,0.0017
2042-09-05,Squaw Creek Reservoir,0.0018
2042-09-06,Squaw Creek Reservoir,0.0017
2042-09-07,Squaw Creek Reservoir,0.0017
2042-09-08,Squaw Creek Reservoir,0.0017
2042-09-09,Squaw Creek Reservoir,0.043
2042-09-10,Squaw Creek Reservoir,0.0562
2042-09-11,Squaw Creek Reservoir,0.0499
2042-09-12,Squaw Creek Reservoir,0.0017
2042-09-13,Squaw Creek Reservoir,0.0017
2042-09-14,Squaw Creek Reservoir,0.0017
2042-09-15,Squaw Creek Reservoir,0.0019
2042-09-16,Squaw Creek Reservoir,0.0026
2042-09-17,Squaw Creek Reservoir,0.0032
2042-09-18,Squaw Creek Reservoir,0.004
2042-09-19,Squaw Creek Reservoir,0.0018
2042-09-20,Squaw Creek Reservoir,0.0018
2042-09-21,Squaw Creek Reservoir,0.0018
2042-09-22,Squaw Creek Reservoir,0.0019
2042-09-23,Squaw Creek Reservoir,0.0074
2042-09-24,Squaw Creek Reservoir,0.0381
2042-09-25,Squaw Creek Reservoir,0.0018
2042-09-26,Squaw Creek Reservoir,0.0018
2042-09-27,Squaw Creek Reservoir,0.0018
2042-09-28,Squaw Creek Reservoir,0.0027
2042-09-29,Squaw Creek Reservoir,0.0022
2042-09-30,Squaw Creek Reservoir,0.0063
2042-10-01,Squaw Creek Reservoir,0.0023
2042-10-02,Squaw Creek Reservoir,0.0018
2042-10-03,Squaw Creek Reservoir,0.0052
2042-10-04,Squaw Creek Reservoir,0.0449
2042-10-05,Squaw Creek Reservoir,0.0237
2042-10-06,Squaw Creek Reservoir,0.0262
2042-10-07,Squaw Creek Reservoir,0.0254
2042-10-08,Squaw Creek Reservoir,0.0444
2042-10-09,Squaw Creek Reservoir,0.0541
2042-10-10,Squaw Creek Reservoir,0.0221
2042-10-11,Squaw Creek Reservoir,0.0197
2042-10-12,Squaw Creek Reservoir,0.0561
2042-10-13,Squaw Creek Reservoir,0.0025
2042-10-14,Squaw Creek Reservoir,0.0033
2042-10-15,Squaw Creek Reservoir,0.0029
2042-10-16,Squaw Creek Reservoir,0.0193
2042-10-17,Squaw Creek Reservoir,0.009
2042-10-18,Squaw Creek Reservoir,0.0093
2042-10-19,Squaw Creek Reservoir,0.0113
2042-10-20,Squaw Creek Reservoir,0.008
2042-10-21,Squaw Creek Reservoir,0.0075
2042-10-22,Squaw Creek Reservoir,0.0071
2042-10-23,Squaw Creek Reservoir,0.0067
2042-10-24,Squaw Creek Reservoir,0.0064
2042-10-25,Squaw Creek Reservoir,0.0061
2042-10-26,Squaw Creek Reservoir,0.0059
2042-10-27,Squaw Creek Reservoir,0.0057
2042-10-28,Squaw Creek Reservoir,0.0055
2042-10-29,Squaw Creek Reservoir,0.0053
2042-10-30,Squaw Creek Reservoir,0.0052
2042-10-31,Squaw Creek Reservoir,0.005
2042-11-01,Squaw Creek Reservoir,0.0049
2042-11-02,Squaw Creek Reservoir,0.0048
2042-11-03,Squaw Creek Reservoir,0.0047
2042-11-04,Squaw Creek Reservoir,0.0046
2042-11-05,Squaw Creek Reservoir,0.0045
2042-11-06,Squaw Creek Reservoir,0.0044
2042-11-07,Squaw Creek Reservoir,0.0099
2042-11-08,Squaw Creek Reservoir,0.0042
2042-11-09,Squaw Creek Reservoir,0.0042
2042-11-10,Squaw Creek Reservoir,0.0046
2042-11-11,Squaw Creek Reservoir,0.0377
2042-11-12,Squaw Creek Reservoir,0.0041
2042-11-13,Squaw Creek Reservoir,0.0039
2042-11-14,Squaw Creek Reservoir,0.0045
2042-11-15,Squaw Creek Reservoir,0.0038
2042-11-16,Squaw Creek Reservoir,0.0041
2042-11-17,Squaw Creek Reservoir,0.0037
2042-11-18,Squaw Creek Reservoir,0.0037
2042-11-19,Squaw Creek Reservoir,0.0037
2042-11-20,Squaw Creek Reservoir,0.0036
2042-11-21,Squaw Creek Reservoir,0.0036
2042-11-22,Squaw Creek Reservoir,0.0036
2042-11-23,Squaw Creek Reservoir,0.0035
2042-11-24,Squaw Creek Reservoir,0.0036
2042-11-25,Squaw Creek Reservoir,0.0057
2042-11-26,Squaw Creek Reservoir,0.0055
2042-11-27,Squaw Creek Reservoir,0.0034
2042-11-28,Squaw Creek Reservoir,0.0034
2042-11-29,Squaw Creek Reservoir,0.0034
2042-11-30,Squaw Creek Reservoir,0.0034
2042-12-01,Squaw Creek Reservoir,0.0034
2042-12-02,Squaw Creek Reservoir,0.0034
2042-12-03,Squaw Creek Reservoir,0.0088
2042-12-04,Squaw Creek Reservoir,0.067
2042-12-05,Squaw Creek Reservoir,0.0103
2042-12-06,Squaw Creek Reservoir,0.0034
2042-12-07,Squaw Creek Reservoir,0.0034
2042-12-08,Squaw Creek Reservoir,0.0044
2042-12-09,Squaw Creek Reservoir,0.0042
2042-12-10,Squaw Creek Reservoir,0.0033
2042-12-11,Squaw Creek Reservoir,0.0034
2042-12-12,Squaw Creek Reservoir,0.0035
2042-12-13,Squaw Creek Reservoir,0.0035
2042-12-14,Squaw Creek Reservoir,0.0033
2042-12-15,Squaw Creek Reservoir,0.0033
2042-12-16,Squaw Creek Reservoir,0.0034
2042-12-17,Squaw Creek Reservoir,0.0033
2042-12-18,Squaw Creek Reservoir,0.0032
2042-12-19,Squaw Creek Reservoir,0.0032
2042-12-20,Squaw Creek Reservoir,0.0032
2042-12-21,Squaw Creek Reservoir,0.0032
2042-12-22,Squaw Creek Reservoir,0.0043
2042-12-23,Squaw Creek Reservoir,0.1098
2042-12-24,Squaw Creek Reservoir,0.0193
2042-12-25,Squaw Creek Reservoir,0.0627
2042-12-26,Squaw Creek Reservoir,0.0169
2042-12-27,Squaw Creek Reservoir,0.0035
2042-12-28,Squaw Creek Reservoir,0.0077
2042-12-29,Squaw Creek Reservoir,0.0345
2042-12-30,Squaw Creek Reservoir,0.0103
2042-12-31,Squaw Creek Reservoir,0.0862
2043-01-01,Squaw Creek Reservoir,0.021
2043-01-02,Squaw Creek Reservoir,0.004
2043-01-03,Squaw Creek Reservoir,0.0064
2043-01-04,Squaw Creek Reservoir,0.0072
2043-01-05,Squaw Creek Reservoir,0.0071
2043-01-06,Squaw Creek Reservoir,0.007
2043-01-07,Squaw Creek Reservoir,0.0068
2043-01-08,Squaw Creek Reservoir,0.0354
2043-01-09,Squaw Creek Reservoir,0.0072
2043-01-10,Squaw Creek Reservoir,0.0075
2043-01-11,Squaw Creek Reservoir,0.0077
2043-01-12,Squaw Creek Reservoir,0.0075
2043-01-13,Squaw Creek Reservoir,0.0073
2043-01-14,Squaw Creek Reservoir,0.0439
2043-01-15,Squaw Creek Reservoir,0.075
2043-01-16,Squaw Creek Reservoir,0.0083
2043-01-17,Squaw Creek Reservoir,0.0091
2043-01-18,Squaw Creek Reservoir,0.0231
2043-01-19,Squaw Creek Reservoir,0.0092
2043-01-20,Squaw Creek Reservoir,0.0096
2043-01-21,Squaw Creek Reservoir,0.0102
2043-01-22,Squaw Creek Reservoir,0.01
2043-01-23,Squaw Creek Reservoir,0.0098
2043-01-24,Squaw Creek Reservoir,0.0542
2043-01-25,Squaw Creek Reservoir,0.0089
2043-01-26,Squaw Creek Reservoir,0.0089
2043-01-27,Squaw Creek Reservoir,0.0239
2043-01-28,Squaw Creek Reservoir,0.0135
2043-01-29,Squaw Creek Reservoir,0.0105
2043-01-30,Squaw Creek Reservoir,0.0081
2043-01-31,Squaw Creek Reservoir,0.0076
2043-02-01,Squaw Creek Reservoir,0.0074
2043-02-02,Squaw Creek Reservoir,0.0071
2043-02-03,Squaw Creek Reservoir,0.0069
2043-02-04,Squaw Creek Reservoir,0.0066
2043-02-05,Squaw Creek Reservoir,0.0069
2043-02-06,Squaw Creek Reservoir,0.0062
2043-02-07,Squaw Creek Reservoir,0.0061
2043-02-08,Squaw Creek Reservoir,0.0582
2043-02-09,Squaw Creek Reservoir,0.035
2043-02-10,Squaw Creek Reservoir,0.0067
2043-02-11,Squaw Creek Reservoir,0.0058
2043-02-12,Squaw Creek Reservoir,0.0057
2043-02-13,Squaw Creek Reservoir,0.0056
2043-02-14,Squaw Creek Reservoir,0.0056
2043-02-15,Squaw Creek Reservoir,0.0055
2043-02-16,Squaw Creek Reservoir,0.0054
2043-02-17,Squaw Creek Reservoir,0.0053
2043-02-18,Squaw Creek Reservoir,0.0052
2043-02-19,Squaw Creek Reservoir,0.0288
2043-02-20,Squaw Creek Reservoir,0.1798
2043-02-21,Squaw Creek Reservoir,0.1541
2043-02-22,Squaw Creek Reservoir,0.1395
2043-02-23,Squaw Creek Reservoir,0.0819
2043-02-24,Squaw Creek Reservoir,0.0411
2043-02-25,Squaw Creek Reservoir,0.0356
2043-02-26,Squaw Creek Reservoir,0.0308
2043-02-27,Squaw Creek Reservoir,0.0303
2043-02-28,Squaw Creek Reservoir,0.0233
2043-03-01,Squaw Creek Reservoir,0.021
2043-03-02,Squaw Creek Reservoir,0.0376
2043-03-03,Squaw Creek Reservoir,0.1756
2043-03-04,Squaw Creek Reservoir,0.0423
2043-03-05,Squaw Creek Reservoir,0.0249
2043-03-06,Squaw Creek Reservoir,0.0223
2043-03-07,Squaw Creek Reservoir,0.0204
2043-03-08,Squaw Creek Reservoir,0.0188
2043-03-09,Squaw Creek Reservoir,0.0211
2043-03-10,Squaw Creek Reservoir,0.1157
2043-03-11,Squaw Creek Reservoir,0.0186
2043-03-12,Squaw Creek Reservoir,0.0304
2043-03-13,Squaw Creek Reservoir,0.0236
2043-03-14,Squaw Creek Reservoir,0.1588
2043-03-15,Squaw Creek Reservoir,0.0269
2043-03-16,Squaw Creek Reservoir,0.0262
2043-03-17,Squaw Creek Reservoir,0.0241
2043-03-18,Squaw Creek Reservoir,0.0222
2043-03-19,Squaw Creek Reservoir,0.0259
2043-03-20,Squaw Creek Reservoir,0.0194
2043-03-21,Squaw Creek Reservoir,0.0183
2043-03-22,Squaw Creek Reservoir,0.1703
2043-03-23,Squaw Creek Reservoir,0.0184
2043-03-24,Squaw Creek Reservoir,0.0229
2043-03-25,Squaw Creek Reservoir,0.0264
2043-03-26,Squaw Creek Reservoir,0.0262
2043-03-27,Squaw Creek Reservoir,0.0248
2043-03-28,Squaw Creek Reservoir,0.0233
2043-03-29,Squaw Creek Reservoir,0.1424
2043-03-30,Squaw Creek Reservoir,0.0283
2043-03-31,Squaw Creek Reservoir,0.0262
2043-04-01,Squaw Creek Reservoir,0.0255
2043-04-02,Squaw Creek Reservoir,0.0243
2043-04-03,Squaw Creek Reservoir,0.0227
2043-04-04,Squaw Creek Reservoir,0.0213
2043-04-05,Squaw Creek Reservoir,0.02
2043-04-06,Squaw Creek Reservoir,0.0189
2043-04-07,Squaw Creek Reservoir,0.0179
2043-04-08,Squaw Creek Reservoir,0.017
2043-04-09,Squaw Creek Reservoir,0.0183
2043-04-10,Squaw Creek Reservoir,0.0499
2043-04-11,Squaw Creek Reservoir,0.0675
2043-04-12,Squaw Creek Reservoir,0.0158
2043-04-13,Squaw Creek Reservoir,0.0162
2043-04-14,Squaw Creek Reservoir,0.1435
2043-04-15,Squaw Creek Reservoir,0.1594
2043-04-16,Squaw Creek Reservoir,0.0521
2043-04-17,Squaw Creek Reservoir,0.1325
2043-04-18,Squaw Creek Reservoir,0.3804
2043-04-19,Squaw Creek Reservoir,0.291
2043-04-20,Squaw Creek Reservoir,0.2097
2043-04-21,Squaw Creek Reservoir,0.1954
2043-04-22,Squaw Creek Reservoir,0.176
2043-04-23,Squaw Creek Reservoir,0.1741
2043-04-24,Squaw Creek Reservoir,0.1879
2043-04-25,Squaw Creek Reservoir,0.1443
2043-04-26,Squaw Creek Reservoir,0.6176
2043-04-27,Squaw Creek Reservoir,0.5402
2043-04-28,Squaw Creek Reservoir,0.4274
2043-04-29,Squaw Creek Reservoir,0.3144
2043-04-30,Squaw Creek Reservoir,0.2401
2043-05-01,Squaw Creek Reservoir,0.1893
2043-05-02,Squaw Creek Reservoir,0.1989
2043-05-03,Squaw Creek Reservoir,0.2643
2043-05-04,Squaw Creek Reservoir,0.1938
2043-05-05,Squaw Creek Reservoir,0.1734
2043-05-06,Squaw Creek Reservoir,0.1494
2043-05-07,Squaw Creek Reservoir,0.1256
2043-05-08,Squaw Creek Reservoir,0.1058
2043-05-09,Squaw Creek Reservoir,0.0902
2043-05-10,Squaw Creek Reservoir,0.0784
2043-05-11,Squaw Creek Reservoir,0.0689
2043-05-12,Squaw Creek Reservoir,0.061
2043-05-13,Squaw Creek Reservoir,0.0547
2043-05-14,Squaw Creek Reservoir,0.0533
2043-05-15,Squaw Creek Reservoir,0.0477
2043-05-16,Squaw Creek Reservoir,0.0572
2043-05-17,Squaw Creek Reservoir,0.042
2043-05-18,Squaw Creek Reservoir,0.0752
2043-05-19,Squaw Creek Reservoir,0.0909
2043-05-20,Squaw Creek Reservoir,0.0409
2043-05-21,Squaw Creek Reservoir,0.0373
2043-05-22,Squaw Creek Reservoir,0.0361
2043-05-23,Squaw Creek Reservoir,0.0365
2043-05-24,Squaw Creek Reservoir,0.0338
2043-05-25,Squaw Creek Reservoir,0.0326
2043-05-26,Squaw Creek Reservoir,0.0323
2043-05-27,Squaw Creek Reservoir,0.0395
2043-05-28,Squaw Creek Reservoir,0.0295
2043-05-29,Squaw Creek Reservoir,0.0287
2043-05-30,Squaw Creek Reservoir,0.0281
2043-05-31,Squaw Creek Reservoir,0.0271
2043-06-01,Squaw Creek Reservoir,0.0268
2043-06-02,Squaw Creek Reservoir,0.0258
2043-06-03,Squaw Creek Reservoir,0.0254
2043-06-04,Squaw Creek Reservoir,0.0249
2043-06-05,Squaw Creek Reservoir,0.0244
2043-06-06,Squaw Creek Reservoir,0.024
2043-06-07,Squaw Creek Reservoir,0.0237
2043-06-08,Squaw Creek Reservoir,0.0232
2043-06-09,Squaw Creek Reservoir,0.0228
2043-06-10,Squaw Creek Reservoir,0.0224
2043-06-11,Squaw Creek Reservoir,0.0221
2043-06-12,Squaw Creek Reservoir,0.0218
2043-06-13,Squaw Creek Reservoir,0.0218
2043-06-14,Squaw Creek Reservoir,0.0595
2043-06-15,Squaw Creek Reservoir,0.0776
2043-06-16,Squaw Creek Reservoir,0.0207
2043-06-17,Squaw Creek Reservoir,0.0204
2043-06-18,Squaw Creek Reservoir,0.0202
2043-06-19,Squaw Creek Reservoir,0.02
2043-06-20,Squaw Creek Reservoir,0.0211
2043-06-21,Squaw Creek Reservoir,0.0196
2043-06-22,Squaw Creek Reservoir,0.0193
2043-06-23,Squaw Creek Reservoir,0.0191
2043-06-24,Squaw Creek Reservoir,0.0188
2043-06-25,Squaw Creek Reservoir,0.0186
2043-06-26,Squaw Creek Reservoir,0.0184
2043-06-27,Squaw Creek Reservoir,0.0183
2043-06-28,Squaw Creek Reservoir,0.0181
2043-06-29,Squaw Creek Reservoir,0.0179
2043-06-30,Squaw Creek Reservoir,0.0177
2043-07-01,Squaw Creek Reservoir,0.0175
2043-07-02,Squaw Creek Reservoir,0.0173
2043-07-03,Squaw Creek Reservoir,0.0172
2043-07-04,Squaw Creek Reservoir,0.017
2043-07-05,Squaw Creek Reservoir,0.0168
2043-07-06,Squaw Creek Reservoir,0.0167
2043-07-07,Squaw Creek Reservoir,0.0165
2043-07-08,Squaw Creek Reservoir,0.0164
2043-07-09,Squaw Creek Reservoir,0.0162
2043-07-10,Squaw Creek Reservoir,0.016
2043-07-11,Squaw Creek Reservoir,0.0159
2043-07-12,Squaw Creek Reservoir,0.0158
2043-07-13,Squaw Creek Reservoir,0.0156
2043-07-14,Squaw Creek Reservoir,0.0155
2043-07-15,Squaw Creek Reservoir,0.0156
2043-07-16,Squaw Creek Reservoir,0.0152
2043-07-17,Squaw Creek Reservoir,0.015
2043-07-18,Squaw Creek Reservoir,0.0149
2043-07-19,Squaw Creek Reservoir,0.0149
2043-07-20,Squaw Creek Reservoir,0.0148
2043-07-21,Squaw Creek Reservoir,0.0153
2043-07-22,Squaw Creek Reservoir,0.0145
2043-07-23,Squaw Creek Reservoir,0.087
2043-07-24,Squaw Creek Reservoir,0.0144
2043-07-25,Squaw Creek Reservoir,0.014
2043-07-26,Squaw Creek Reservoir,0.0139
2043-07-27,Squaw Creek Reservoir,0.0158
2043-07-28,Squaw Creek Reservoir,0.0137
2043-07-29,Squaw Creek Reservoir,0.0138
2043-07-30,Squaw Creek Reservoir,0.0137
2043-07-31,Squaw Creek Reservoir,0.0133
2043-08-01,Squaw Creek Reservoir,0.0132
2043-08-02,Squaw Creek Reservoir,0.0136
2043-08-03,Squaw Creek Reservoir,0.013
2043-08-04,Squaw Creek Reservoir,0.0135
2043-08-05,Squaw Creek Reservoir,0.0134
2043-08-06,Squaw Creek Reservoir,0.0127
2043-08-07,Squaw Creek Reservoir,0.0126
2043-08-08,Squaw Creek Reservoir,0.0134
2043-08-09,Squaw Creek Reservoir,0.0126
2043-08-10,Squaw Creek Reservoir,0.0122
2043-08-11,Squaw Creek Reservoir,0.0122
2043-08-12,Squaw Creek Reservoir,0.012
2043-08-13,Squaw Creek Reservoir,0.012
2043-08-14,Squaw Creek Reservoir,0.0119
2043-08-15,Squaw Creek Reservoir,0.0118
2043-08-16,Squaw Creek Reservoir,0.0117
2043-08-17,Squaw Creek Reservoir,0.0123
2043-08-18,Squaw Creek Reservoir,0.0128
2043-08-19,Squaw Creek Reservoir,0.0166
2043-08-20,Squaw Creek Reservoir,0.0126
2043-08-21,Squaw Creek Reservoir,0.0112
2043-08-22,Squaw Creek Reservoir,0.0111
2043-08-23,Squaw Creek Reservoir,0.0294
2043-08-24,Squaw Creek Reservoir,0.0622
2043-08-25,Squaw Creek Reservoir,0.0114
2043-08-26,Squaw Creek Reservoir,0.0109
2043-08-27,Squaw Creek Reservoir,0.0107
2043-08-28,Squaw Creek Reservoir,0.0107
2043-08-29,Squaw Creek Reservoir,0.0111
2043-08-30,Squaw Creek Reservoir,0.0104
2043-08-31,Squaw Creek Reservoir,0.0154
2043-09-01,Squaw Creek Reservoir,0.0307
2043-09-02,Squaw Creek Reservoir,0.0102
2043-09-03,Squaw Creek Reservoir,0.0101
2043-09-04,Squaw Creek Reservoir,0.0104
2043-09-05,Squaw Creek Reservoir,0.121
2043-09-06,Squaw Creek Reservoir,0.014
2043-09-07,Squaw Creek Reservoir,0.0099
2043-09-08,Squaw Creek Reservoir,0.0097
2043-09-09,Squaw Creek Reservoir,0.0097
2043-09-10,Squaw Creek Reservoir,0.0096
2043-09-11,Squaw Creek Reservoir,0.0095
2043-09-12,Squaw Creek Reservoir,0.0094
2043-09-13,Squaw Creek Reservoir,0.0094
2043-09-14,Squaw Creek Reservoir,0.0093
2043-09-15,Squaw Creek Reservoir,0.0093
2043-09-16,Squaw Creek Reservoir,0.0092
2043-09-17,Squaw Creek Reservoir,0.0091
2043-09-18,Squaw Creek Reservoir,0.0091
2043-09-19,Squaw Creek Reservoir,0.009
2043-09-20,Squaw Creek Reservoir,0.0089
2043-09-21,Squaw Creek Reservoir,0.0089
2043-09-22,Squaw Creek Reservoir,0.0088
2043-09-23,Squaw Creek Reservoir,0.0088
2043-09-24,Squaw Creek Reservoir,0.0087
2043-09-25,Squaw Creek Reservoir,0.0088
2043-09-26,Squaw Creek Reservoir,0.0196
2043-09-27,Squaw Creek Reservoir,0.0137
2043-09-28,Squaw Creek Reservoir,0.0104
2043-09-29,Squaw Creek Reservoir,0.0084
2043-09-30,Squaw Creek Reservoir,0.0083
2043-10-01,Squaw Creek Reservoir,0.0083
2043-10-02,Squaw Creek Reservoir,0.0082
2043-10-03,Squaw Creek Reservoir,0.0082
2043-10-04,Squaw Creek Reservoir,0.0081
2043-10-05,Squaw Creek Reservoir,0.0081
2043-10-06,Squaw Creek Reservoir,0.008
2043-10-07,Squaw Creek Reservoir,0.008
2043-10-08,Squaw Creek Reservoir,0.0079
2043-10-09,Squaw Creek Reservoir,0.0078
2043-10-10,Squaw Creek Reservoir,0.0078
2043-10-11,Squaw Creek Reservoir,0.0077
2043-10-12,Squaw Creek Reservoir,0.0077
2043-10-13,Squaw Creek Reservoir,0.0076
2043-10-14,Squaw Creek Reservoir,0.0076
2043-10-15,Squaw Creek Reservoir,0.0075
2043-10-16,Squaw Creek Reservoir,0.038
2043-10-17,Squaw Creek Reservoir,0.0074
2043-10-18,Squaw Creek Reservoir,0.0074
2043-10-19,Squaw Creek Reservoir,0.0073
2043-10-20,Squaw Creek Reservoir,0.0073
2043-10-21,Squaw Creek Reservoir,0.0072
2043-10-22,Squaw Creek Reservoir,0.1501
2043-10-23,Squaw Creek Reservoir,0.0496
2043-10-24,Squaw Creek Reservoir,0.0071
2043-10-25,Squaw Creek Reservoir,0.025
2043-10-26,Squaw Creek Reservoir,0.007
2043-10-27,Squaw Creek Reservoir,0.0072
2043-10-28,Squaw Creek Reservoir,0.0073
2043-10-29,Squaw Creek Reservoir,0.0073
2043-10-30,Squaw Creek Reservoir,0.0071
2043-10-31,Squaw Creek Reservoir,0.007
2043-11-01,Squaw Creek Reservoir,0.007
2043-11-02,Squaw Creek Reservoir,0.0069
2043-11-03,Squaw Creek Reservoir,0.0072
2043-11-04,Squaw Creek Reservoir,0.0075
2043-11-05,Squaw Creek Reservoir,0.0075
2043-11-06,Squaw Creek Reservoir,0.0189
2043-11-07,Squaw Creek Reservoir,0.0181
2043-11-08,Squaw Creek Reservoir,0.0068
2043-11-09,Squaw Creek Reservoir,0.0068
2043-11-10,Squaw Creek Reservoir,0.0067
2043-11-11,Squaw Creek Reservoir,0.0068
2043-11-12,Squaw Creek Reservoir,0.055
2043-11-13,Squaw Creek Reservoir,0.0067
2043-11-14,Squaw Creek Reservoir,0.0066
2043-11-15,Squaw Creek Reservoir,0.0066
2043-11-16,Squaw Creek Reservoir,0.0226
2043-11-17,Squaw Creek Reservoir,0.0617
2043-11-18,Squaw Creek Reservoir,0.0065
2043-11-19,Squaw Creek Reservoir,0.0065
2043-11-20,Squaw Creek Reservoir,0.0065
2043-11-21,Squaw Creek Reservoir,0.0065
2043-11-22,Squaw Creek Reservoir,0.0065
2043-11-23,Squaw Creek Reservoir,0.0065
2043-11-24,Squaw Creek Reservoir,0.0065
2043-11-25,Squaw Creek Reservoir,0.0064
2043-11-26,Squaw Creek Reservoir,0.0064
2043-11-27,Squaw Creek Reservoir,0.0064
2043-11-28,Squaw Creek Reservoir,0.0064
2043-11-29,Squaw Creek Reservoir,0.022
2043-11-30,Squaw Creek Reservoir,0.086
2043-12-01,Squaw Creek Reservoir,0.0082
2043-12-02,Squaw Creek Reservoir,0.034
2043-12-03,Squaw Creek Reservoir,0.0113
2043-12-04,Squaw Creek Reservoir,0.0064
2043-12-05,Squaw Creek Reservoir,0.0064
2043-12-06,Squaw Creek Reservoir,0.0064
2043-12-07,Squaw Creek Reservoir,0.0064
2043-12-08,Squaw Creek Reservoir,0.0064
2043-12-09,Squaw Creek Reservoir,0.0064
2043-12-10,Squaw Creek Reservoir,0.0064
2043-12-11,Squaw Creek Reservoir,0.0064
2043-12-12,Squaw Creek Reservoir,0.0064
2043-12-13,Squaw Creek Reservoir,0.0066
2043-12-14,Squaw Creek Reservoir,0.0152
2043-12-15,Squaw Creek Reservoir,0.0473
2043-12-16,Squaw Creek Reservoir,0.0436
2043-12-17,Squaw Creek Reservoir,0.0444
2043-12-18,Squaw Creek Reservoir,0.0112
2043-12-19,Squaw Creek Reservoir,0.0081
2043-12-20,Squaw Creek Reservoir,0.0064
2043-12-21,Squaw Creek Reservoir,0.0064
2043-12-22,Squaw Creek Reservoir,0.0064
2043-12-23,Squaw Creek Reservoir,0.0064
2043-12-24,Squaw Creek Reservoir,0.0065
2043-12-25,Squaw Creek Reservoir,0.0074
2043-12-26,Squaw Creek Reservoir,0.0065
2043-12-27,Squaw Creek Reservoir,0.0065
2043-12-28,Squaw Creek Reservoir,0.0158
2043-12-29,Squaw Creek Reservoir,0.0065
2043-12-30,Squaw Creek Reservoir,0.0075
2043-12-31,Squaw Creek Reservoir,0.0069
2044-01-01,Squaw Creek Reservoir,0.0065
2044-01-02,Squaw Creek Reservoir,0.0064
2044-01-03,Squaw Creek Reservoir,0.0064
2044-01-04,Squaw Creek Reservoir,0.0207
2044-01-05,Squaw Creek Reservoir,0.0071
2044-01-06,Squaw Creek Reservoir,0.0064
2044-01-07,Squaw Creek Reservoir,0.0249
2044-01-08,Squaw Creek Reservoir,0.0182
2044-01-09,Squaw Creek Reservoir,0.0198
2044-01-10,Squaw Creek Reservoir,0.0064
2044-01-11,Squaw Creek Reservoir,0.0063
2044-01-12,Squaw Creek Reservoir,0.0063
2044-01-13,Squaw Creek Reservoir,0.0063
2044-01-14,Squaw Creek Reservoir,0.0238
2044-01-15,Squaw Creek Reservoir,0.0065
2044-01-16,Squaw Creek Reservoir,0.0062
2044-01-17,Squaw Creek Reservoir,0.0066
2044-01-18,Squaw Creek Reservoir,0.0062
2044-01-19,Squaw Creek Reservoir,0.0062
2044-01-20,Squaw Creek Reservoir,0.0062
2044-01-21,Squaw Creek Reservoir,0.0137
2044-01-22,Squaw Creek Reservoir,0.0076
2044-01-23,Squaw Creek Reservoir,0.0063
2044-01-24,Squaw Creek Reservoir,0.0071
2044-01-25,Squaw Creek Reservoir,0.0086
2044-01-26,Squaw Creek Reservoir,0.006
2044-01-27,Squaw Creek Reservoir,0.006
2044-01-28,Squaw Creek Reservoir,0.0148
2044-01-29,Squaw Creek Reservoir,0.0059
2044-01-30,Squaw Creek Reservoir,0.0069
2044-01-31,Squaw Creek Reservoir,0.0063
2044-02-01,Squaw Creek Reservoir,0.0058
2044-02-02,Squaw Creek Reservoir,0.0173
2044-02-03,Squaw Creek Reservoir,0.0869
2044-02-04,Squaw Creek Reservoir,0.2076
2044-02-05,Squaw Creek Reservoir,0.0071
2044-02-06,Squaw Creek Reservoir,0.006
2044-02-07,Squaw Creek Reservoir,0.0063
2044-02-08,Squaw Creek Reservoir,0.0132
2044-02-09,Squaw Creek Reservoir,0.0089
2044-02-10,Squaw Creek Reservoir,0.0085
2044-02-11,Squaw Creek Reservoir,0.0084
2044-02-12,Squaw Creek Reservoir,0.0082
2044-02-13,Squaw Creek Reservoir,0.0081
2044-02-14,Squaw Creek Reservoir,0.0081
2044-02-15,Squaw Creek Reservoir,0.0084
2044-02-16,Squaw Creek Reservoir,0.009
2044-02-17,Squaw Creek Reservoir,0.0091
2044-02-18,Squaw Creek Reservoir,0.0089
2044-02-19,Squaw Creek Reservoir,0.0086
2044-02-20,Squaw Creek Reservoir,0.0084
2044-02-21,Squaw Creek Reservoir,0.0082
2044-02-22,Squaw Creek Reservoir,0.008
2044-02-23,Squaw Creek Reservoir,0.0079
2044-02-24,Squaw Creek Reservoir,0.0077
2044-02-25,Squaw Creek Reservoir,0.0076
2044-02-26,Squaw Creek Reservoir,0.0074
2044-02-27,Squaw Creek Reservoir,0.0073
2044-02-28,Squaw Creek Reservoir,0.0072
2044-02-29,Squaw Creek Reservoir,0.0071
2044-03-01,Squaw Creek Reservoir,0.007
2044-03-02,Squaw Creek Reservoir,0.008
2044-03-03,Squaw Creek Reservoir,0.0069
2044-03-04,Squaw Creek Reservoir,0.0072
2044-03-05,Squaw Creek Reservoir,0.0068
2044-03-06,Squaw Creek Reservoir,0.0068
2044-03-07,Squaw Creek Reservoir,0.0067
2044-03-08,Squaw Creek Reservoir,0.0067
2044-03-09,Squaw Creek Reservoir,0.0078
2044-03-10,Squaw Creek Reservoir,0.0066
2044-03-11,Squaw Creek Reservoir,0.0065
2044-03-12,Squaw Creek Reservoir,0.0065
2044-03-13,Squaw Creek Reservoir,0.0065
2044-03-14,Squaw Creek Reservoir,0.0065
2044-03-15,Squaw Creek Reservoir,0.0064
2044-03-16,Squaw Creek Reservoir,0.0064
2044-03-17,Squaw Creek Reservoir,0.0064
2044-03-18,Squaw Creek Reservoir,0.0064
2044-03-19,Squaw Creek Reservoir,0.0063
2044-03-20,Squaw Creek Reservoir,0.0063
2044-03-21,Squaw Creek Reservoir,0.0063
2044-03-22,Squaw Creek Reservoir,0.0063
2044-03-23,Squaw Creek Reservoir,0.0063
2044-03-24,Squaw Creek Reservoir,0.0062
2044-03-25,Squaw Creek Reservoir,0.0062
2044-03-26,Squaw Creek Reservoir,0.0062
2044-03-27,Squaw Creek Reservoir,0.0062
2044-03-28,Squaw Creek Reservoir,0.0062
2044-03-29,Squaw Creek Reservoir,0.0061
2044-03-30,Squaw Creek Reservoir,0.006
2044-03-31,Squaw Creek Reservoir,0.006
2044-04-01,Squaw Creek Reservoir,0.0127
2044-04-02,Squaw Creek Reservoir,0.0068
2044-04-03,Squaw Creek Reservoir,0.0112
2044-04-04,Squaw Creek Reservoir,0.0059
2044-04-05,Squaw Creek Reservoir,0.0058
2044-04-06,Squaw Creek Reservoir,0.0058
2044-04-07,Squaw Creek Reservoir,0.0058
2044-04-08,Squaw Creek Reservoir,0.0058
2044-04-09,Squaw Creek Reservoir,0.0057
2044-04-10,Squaw Creek Reservoir,0.0058
2044-04-11,Squaw Creek Reservoir,0.0057
2044-04-12,Squaw Creek Reservoir,0.0056
2044-04-13,Squaw Creek Reservoir,0.0056
2044-04-14,Squaw Creek Reservoir,0.0056
2044-04-15,Squaw Creek Reservoir,0.0055
2044-04-16,Squaw Creek Reservoir,0.0055
2044-04-17,Squaw Creek Reservoir,0.0131
2044-04-18,Squaw Creek Reservoir,0.011
2044-04-19,Squaw Creek Reservoir,0.0054
2044-04-20,Squaw Creek Reservoir,0.0082
2044-04-21,Squaw Creek Reservoir,0.0055
2044-04-22,Squaw Creek Reservoir,0.0355
2044-04-23,Squaw Creek Reservoir,0.0056
2044-04-24,Squaw Creek Reservoir,0.0053
2044-04-25,Squaw Creek Reservoir,0.067
2044-04-26,Squaw Creek Reservoir,0.0054
2044-04-27,Squaw Creek Reservoir,0.006
2044-04-28,Squaw Creek Reservoir,0.0453
2044-04-29,Squaw Creek Reservoir,0.006
2044-04-30,Squaw Creek Reservoir,0.0051
2044-05-01,Squaw Creek Reservoir,0.0241
2044-05-02,Squaw Creek Reservoir,0.0052
2044-05-03,Squaw Creek Reservoir,0.005
2044-05-04,Squaw Creek Reservoir,0.005
2044-05-05,Squaw Creek Reservoir,0.0049
2044-05-06,Squaw Creek Reservoir,0.005
2044-05-07,Squaw Creek Reservoir,0.005
2044-05-08,Squaw Creek Reservoir,0.0048
2044-05-09,Squaw Creek Reservoir,0.0048
2044-05-10,Squaw Creek Reservoir,0.0048
2044-05-11,Squaw Creek Reservoir,0.0053
2044-05-12,Squaw Creek Reservoir,0.005
2044-05-13,Squaw Creek Reservoir,0.0047
2044-05-14,Squaw Creek Reservoir,0.0047
2044-05-15,Squaw Creek Reservoir,0.0046
2044-05-16,Squaw Creek Reservoir,0.0052
2044-05-17,Squaw Creek Reservoir,0.0046
2044-05-18,Squaw Creek Reservoir,0.0749
2044-05-19,Squaw Creek Reservoir,0.0045
2044-05-20,Squaw Creek Reservoir,0.0045
2044-05-21,Squaw Creek Reservoir,0.0045
2044-05-22,Squaw Creek Reservoir,0.0139
2044-05-23,Squaw Creek Reservoir,0.0312
2044-05-24,Squaw Creek Reservoir,0.0044
2044-05-25,Squaw Creek Reservoir,0.0257
2044-05-26,Squaw Creek Reservoir,0.0044
2044-05-27,Squaw Creek Reservoir,0.0043
2044-05-28,Squaw Creek Reservoir,0.0043
2044-05-29,Squaw Creek Reservoir,0.0042
2044-05-30,Squaw Creek Reservoir,0.0042
2044-05-31,Squaw Creek Reservoir,0.0042
2044-06-01,Squaw Creek Reservoir,0.0059
2044-06-02,Squaw Creek Reservoir,0.0042
2044-06-03,Squaw Creek Reservoir,0.0047
2044-06-04,Squaw Creek Reservoir,0.0041
2044-06-05,Squaw Creek Reservoir,0.0041
2044-06-06,Squaw Creek Reservoir,0.004
2044-06-07,Squaw Creek Reservoir,0.0041
2044-06-08,Squaw Creek Reservoir,0.0045
2044-06-09,Squaw Creek Reservoir,0.004
2044-06-10,Squaw Creek Reservoir,0.004
2044-06-11,Squaw Creek Reservoir,0.0039
2044-06-12,Squaw Creek Reservoir,0.004
2044-06-13,Squaw Creek Reservoir,0.0039
2044-06-14,Squaw Creek Reservoir,0.1336
2044-06-15,Squaw Creek Reservoir,0.004
2044-06-16,Squaw Creek Reservoir,0.0041
2044-06-17,Squaw Creek Reservoir,0.0039
2044-06-18,Squaw Creek Reservoir,0.0038
2044-06-19,Squaw Creek Reservoir,0.0038
2044-06-20,Squaw Creek Reservoir,0.0039
2044-06-21,Squaw Creek Reservoir,0.0039
2044-06-22,Squaw Creek Reservoir,0.0038
2044-06-23,Squaw Creek Reservoir,0.0042
2044-06-24,Squaw Creek Reservoir,0.0681
2044-06-25,Squaw Creek Reservoir,0.0037
2044-06-26,Squaw Creek Reservoir,0.0037
2044-06-27,Squaw Creek Reservoir,0.0039
2044-06-28,Squaw Creek Reservoir,0.0068
2044-06-29,Squaw Creek Reservoir,0.0038
2044-06-30,Squaw Creek Reservoir,0.0079
2044-07-01,Squaw Creek Reservoir,0.0037
2044-07-02,Squaw Creek Reservoir,0.0039
2044-07-03,Squaw Creek Reservoir,0.0036
2044-07-04,Squaw Creek Reservoir,0.0481
2044-07-05,Squaw Creek Reservoir,0.0057
2044-07-06,Squaw Creek Reservoir,0.0035
2044-07-07,Squaw Creek Reservoir,0.0034
2044-07-08,Squaw Creek Reservoir,0.0034
2044-07-09,Squaw Creek Reservoir,0.0036
2044-07-10,Squaw Creek Reservoir,0.0034
2044-07-11,Squaw Creek Reservoir,0.0062
2044-07-12,Squaw Creek Reservoir,0.0161
2044-07-13,Squaw Creek Reservoir,0.0034
2044-07-14,Squaw Creek Reservoir,0.0033
2044-07-15,Squaw Creek Reservoir,0.0033
2044-07-16,Squaw Creek Reservoir,0.0041
2044-07-17,Squaw Creek Reservoir,0.0048
2044-07-18,Squaw Creek Reservoir,0.0036
2044-07-19,Squaw Creek Reservoir,0.0037
2044-07-20,Squaw Creek Reservoir,0.0042
2044-07-21,Squaw Creek Reservoir,0.0032
2044-07-22,Squaw Creek Reservoir,0.0032
2044-07-23,Squaw Creek Reservoir,0.0038
2044-07-24,Squaw Creek Reservoir,0.0032
2044-07-25,Squaw Creek Reservoir,0.0032
2044-07-26,Squaw Creek Reservoir,0.0031
2044-07-27,Squaw Creek Reservoir,0.0031
2044-07-28,Squaw Creek Reservoir,0.0031
2044-07-29,Squaw Creek Reservoir,0.0031
2044-07-30,Squaw Creek Reservoir,0.0031
2044-07-31,Squaw Creek Reservoir,0.0031
2044-08-01,Squaw Creek Reservoir,0.003
2044-08-02,Squaw Creek Reservoir,0.003
2044-08-03,Squaw Creek Reservoir,0.003
2044-08-04,Squaw Creek Reservoir,0.003
2044-08-05,Squaw Creek Reservoir,0.003
2044-08-06,Squaw Creek Reservoir,0.0049
2044-08-07,Squaw Creek Reservoir,0.0029
2044-08-08,Squaw Creek Reservoir,0.0029
2044-08-09,Squaw Creek Reservoir,0.0031
2044-08-10,Squaw Creek Reservoir,0.0029
2044-08-11,Squaw Creek Reservoir,0.0029
2044-08-12,Squaw Creek Reservoir,0.0048
2044-08-13,Squaw Creek Reservoir,0.0032
2044-08-14,Squaw Creek Reservoir,0.0031
2044-08-15,Squaw Creek Reservoir,0.0028
2044-08-16,Squaw Creek Reservoir,0.0028
2044-08-17,Squaw Creek Reservoir,0.0028
2044-08-18,Squaw Creek Reservoir,0.0028
2044-08-19,Squaw Creek Reservoir,0.0028
2044-08-20,Squaw Creek Reservoir,0.0028
2044-08-21,Squaw Creek Reservoir,0.0027
2044-08-22,Squaw Creek Reservoir,0.0027
2044-08-23,Squaw Creek Reservoir,0.0027
2044-08-24,Squaw Creek Reservoir,0.0027
2044-08-25,Squaw Creek Reservoir,0.0027
2044-08-26,Squaw Creek Reservoir,0.0027
2044-08-27,Squaw Creek Reservoir,0.0026
2044-08-28,Squaw Creek Reservoir,0.0026
2044-08-29,Squaw Creek Reservoir,0.0026
2044-08-30,Squaw Creek Reservoir,0.0026
2044-08-31,Squaw Creek Reservoir,0.0026
2044-09-01,Squaw Creek Reservoir,0.0026
2044-09-02,Squaw Creek Reservoir,0.015
2044-09-03,Squaw Creek Reservoir,0.0149
2044-09-04,Squaw Creek Reservoir,0.0305
2044-09-05,Squaw Creek Reservoir,0.0028
2044-09-06,Squaw Creek Reservoir,0.0025
2044-09-07,Squaw Creek Reservoir,0.0025
2044-09-08,Squaw Creek Reservoir,0.0025
2044-09-09,Squaw Creek Reservoir,0.0025
2044-09-10,Squaw Creek Reservoir,0.0025
2044-09-11,Squaw Creek Reservoir,0.0024
2044-09-12,Squaw Creek Reservoir,0.0024
2044-09-13,Squaw Creek Reservoir,0.0024
2044-09-14,Squaw Creek Reservoir,0.0024
2044-09-15,Squaw Creek Reservoir,0.0024
2044-09-16,Squaw Creek Reservoir,0.0024
2044-09-17,Squaw Creek Reservoir,0.0024
2044-09-18,Squaw Creek Reservoir,0.0024
2044-09-19,Squaw Creek Reservoir,0.0024
2044-09-20,Squaw Creek Reservoir,0.0023
2044-09-21,Squaw Creek Reservoir,0.0023
2044-09-22,Squaw Creek Reservoir,0.0023
2044-09-23,Squaw Creek Reservoir,0.0028
2044-09-24,Squaw Creek Reservoir,0.0206
2044-09-25,Squaw Creek Reservoir,0.0026
2044-09-26,Squaw Creek Reservoir,0.0023
2044-09-27,Squaw Creek Reservoir,0.0022
2044-09-28,Squaw Creek Reservoir,0.0022
2044-09-29,Squaw Creek Reservoir,0.0022
2044-09-30,Squaw Creek Reservoir,0.0022
2044-10-01,Squaw Creek Reservoir,0.0022
2044-10-02,Squaw Creek Reservoir,0.0022
2044-10-03,Squaw Creek Reservoir,0.0022
2044-10-04,Squaw Creek Reservoir,0.0022
2044-10-05,Squaw Creek Reservoir,0.0022
2044-10-06,Squaw Creek Reservoir,0.0022
2044-10-07,Squaw Creek Reservoir,0.0021
2044-10-08,Squaw Creek Reservoir,0.0021
2044-10-09,Squaw Creek Reservoir,0.0021
2044-10-10,Squaw Creek Reservoir,0.0021
2044-10-11,Squaw Creek Reservoir,0.0021
2044-10-12,Squaw Creek Reservoir,0.0021
2044-10-13,Squaw Creek Reservoir,0.0021
2044-10-14,Squaw Creek Reservoir,0.0021
2044-10-15,Squaw Creek Reservoir,0.002
2044-10-16,Squaw Creek Reservoir,0.002
2044-10-17,Squaw Creek Reservoir,0.002
2044-10-18,Squaw Creek Reservoir,0.0021
2044-10-19,Squaw Creek Reservoir,0.002
2044-10-20,Squaw Creek Reservoir,0.002
2044-10-21,Squaw Creek Reservoir,0.002
2044-10-22,Squaw Creek Reservoir,0.002
2044-10-23,Squaw Creek Reservoir,0.002
2044-10-24,Squaw Creek Reservoir,0.0044
2044-10-25,Squaw Creek Reservoir,0.002
2044-10-26,Squaw Creek Reservoir,0.002
2044-10-27,Squaw Creek Reservoir,0.007
2044-10-28,Squaw Creek Reservoir,0.2583
2044-10-29,Squaw Creek Reservoir,0.0167
2044-10-30,Squaw Creek Reservoir,0.0892
2044-10-31,Squaw Creek Reservoir,0.0023
2044-11-01,Squaw Creek Reservoir,0.0026
2044-11-02,Squaw Creek Reservoir,0.0028
2044-11-03,Squaw Creek Reservoir,0.003
2044-11-04,Squaw Creek Reservoir,0.0066
2044-11-05,Squaw Creek Reservoir,0.0033
2044-11-06,Squaw Creek Reservoir,0.0035
2044-11-07,Squaw Creek Reservoir,0.0036
2044-11-08,Squaw Creek Reservoir,0.0037
2044-11-09,Squaw Creek Reservoir,0.0518
2044-11-10,Squaw Creek Reservoir,0.0064
2044-11-11,Squaw Creek Reservoir,0.004
2044-11-12,Squaw Creek Reservoir,0.0042
2044-11-13,Squaw Creek Reservoir,0.0041
2044-11-14,Squaw Creek Reservoir,0.0042
2044-11-15,Squaw Creek Reservoir,0.0042
2044-11-16,Squaw Creek Reservoir,0.0557
2044-11-17,Squaw Creek Reservoir,0.0072
2044-11-18,Squaw Creek Reservoir,0.0059
2044-11-19,Squaw Creek Reservoir,0.006
2044-11-20,Squaw Creek Reservoir,0.0144
2044-11-21,Squaw Creek Reservoir,0.0838
2044-11-22,Squaw Creek Reservoir,0.0097
2044-11-23,Squaw Creek Reservoir,0.0077
2044-11-24,Squaw Creek Reservoir,0.0648
2044-11-25,Squaw Creek Reservoir,0.0088
2044-11-26,Squaw Creek Reservoir,0.0089
2044-11-27,Squaw Creek Reservoir,0.0086
2044-11-28,Squaw Creek Reservoir,0.0084
2044-11-29,Squaw Creek Reservoir,0.0087
2044-11-30,Squaw Creek Reservoir,0.0091
2044-12-01,Squaw Creek Reservoir,0.0089
2044-12-02,Squaw Creek Reservoir,0.0086
2044-12-03,Squaw Creek Reservoir,0.0305
2044-12-04,Squaw Creek Reservoir,0.0915
2044-12-05,Squaw Creek Reservoir,0.0082
2044-12-06,Squaw Creek Reservoir,0.0085
2044-12-07,Squaw Creek Reservoir,0.0083
2044-12-08,Squaw Creek Reservoir,0.0081
2044-12-09,Squaw Creek Reservoir,0.0079
2044-12-10,Squaw Creek Reservoir,0.0077
2044-12-11,Squaw Creek Reservoir,0.0075
2044-12-12,Squaw Creek Reservoir,0.0073
2044-12-13,Squaw Creek Reservoir,0.2121
2044-12-14,Squaw Creek Reservoir,0.017
2044-12-15,Squaw Creek Reservoir,0.0232
2044-12-16,Squaw Creek Reservoir,0.0215
2044-12-17,Squaw Creek Reservoir,0.0195
2044-12-18,Squaw Creek Reservoir,0.0178
2044-12-19,Squaw Creek Reservoir,0.0163
2044-12-20,Squaw Creek Reservoir,0.0247
2044-12-21,Squaw Creek Reservoir,0.1198
2044-12-22,Squaw Creek Reservoir,0.0187
2044-12-23,Squaw Creek Reservoir,0.0184
2044-12-24,Squaw Creek Reservoir,0.0173
2044-12-25,Squaw Creek Reservoir,0.0161
2044-12-26,Squaw Creek Reservoir,0.015
2044-12-27,Squaw Creek Reservoir,0.014
2044-12-28,Squaw Creek Reservoir,0.0132
2044-12-29,Squaw Creek Reservoir,0.0124
2044-12-30,Squaw Creek Reservoir,0.0117
2044-12-31,Squaw Creek Reservoir,0.0111
2045-01-01,Squaw Creek Reservoir,0.0106
2045-01-02,Squaw Creek Reservoir,0.0101
2045-01-03,Squaw Creek Reservoir,0.0096
2045-01-04,Squaw Creek Reservoir,0.0093
2045-01-05,Squaw Creek Reservoir,0.0089
2045-01-06,Squaw Creek Reservoir,0.0086
2045-01-07,Squaw Creek Reservoir,0.0083
2045-01-08,Squaw Creek Reservoir,0.008
2045-01-09,Squaw Creek Reservoir,0.0077
2045-01-10,Squaw Creek Reservoir,0.0075
2045-01-11,Squaw Creek Reservoir,0.0073
2045-01-12,Squaw Creek Reservoir,0.007
2045-01-13,Squaw Creek Reservoir,0.007
2045-01-14,Squaw Creek Reservoir,0.0067
2045-01-15,Squaw Creek Reservoir,0.0065
2045-01-16,Squaw Creek Reservoir,0.0064
2045-01-17,Squaw Creek Reservoir,0.0063
2045-01-18,Squaw Creek Reservoir,0.0062
2045-01-19,Squaw Creek Reservoir,0.0061
2045-01-20,Squaw Creek Reservoir,0.006
2045-01-21,Squaw Creek Reservoir,0.0059
2045-01-22,Squaw Creek Reservoir,0.0058
2045-01-23,Squaw Creek Reservoir,0.0058
2045-01-24,Squaw Creek Reservoir,0.0058
2045-01-25,Squaw Creek Reservoir,0.0057
2045-01-26,Squaw Creek Reservoir,0.0064
2045-01-27,Squaw Creek Reservoir,0.0122
2045-01-28,Squaw Creek Reservoir,0.0055
2045-01-29,Squaw Creek Reservoir,0.0055
2045-01-30,Squaw Creek Reservoir,0.0054
2045-01-31,Squaw Creek Reservoir,0.009
2045-02-01,Squaw Creek Reservoir,0.0105
2045-02-02,Squaw Creek Reservoir,0.0054
2045-02-03,Squaw Creek Reservoir,0.0054
2045-02-04,Squaw Creek Reservoir,0.0054
2045-02-05,Squaw Creek Reservoir,0.017
2045-02-06,Squaw Creek Reservoir,0.0053
2045-02-07,Squaw Creek Reservoir,0.0053
2045-02-08,Squaw Creek Reservoir,0.0387
2045-02-09,Squaw Creek Reservoir,0.052
2045-02-10,Squaw Creek Reservoir,0.1051
2045-02-11,Squaw Creek Reservoir,0.0778
2045-02-12,Squaw Creek Reservoir,0.0052
2045-02-13,Squaw Creek Reservoir,0.0053
2045-02-14,Squaw Creek Reservoir,0.0053
2045-02-15,Squaw Creek Reservoir,0.0056
2045-02-16,Squaw Creek Reservoir,0.0059
2045-02-17,Squaw Creek Reservoir,0.1126
2045-02-18,Squaw Creek Reservoir,0.0804
2045-02-19,Squaw Creek Reservoir,0.015
2045-02-20,Squaw Creek Reservoir,0.011
2045-02-21,Squaw Creek Reservoir,0.0109
2045-02-22,Squaw Creek Reservoir,0.0113
2045-02-23,Squaw Creek Reservoir,0.0111
2045-02-24,Squaw Creek Reservoir,0.0107
2045-02-25,Squaw Creek Reservoir,0.0102
2045-02-26,Squaw Creek Reservoir,0.0348
2045-02-27,Squaw Creek Reservoir,0.0719
2045-02-28,Squaw Creek Reservoir,0.0268
2045-03-01,Squaw Creek Reservoir,0.0106
2045-03-02,Squaw Creek Reservoir,0.0105
2045-03-03,Squaw Creek Reservoir,0.0102
2045-03-04,Squaw Creek Reservoir,0.0099
2045-03-05,Squaw Creek Reservoir,0.0095
2045-03-06,Squaw Creek Reservoir,0.0092
2045-03-07,Squaw Creek Reservoir,0.0089
2045-03-08,Squaw Creek Reservoir,0.0086
2045-03-09,Squaw Creek Reservoir,0.0084
2045-03-10,Squaw Creek Reservoir,0.008
2045-03-11,Squaw Creek Reservoir,0.0078
2045-03-12,Squaw Creek Reservoir,0.0086
2045-03-13,Squaw Creek Reservoir,0.0119
2045-03-14,Squaw Creek Reservoir,0.0126
2045-03-15,Squaw Creek Reservoir,0.007
2045-03-16,Squaw Creek Reservoir,0.0069
2045-03-17,Squaw Creek Reservoir,0.0067
2045-03-18,Squaw Creek Reservoir,0.0067
2045-03-19,Squaw Creek Reservoir,0.0286
2045-03-20,Squaw Creek Reservoir,0.0064
2045-03-21,Squaw Creek Reservoir,0.0063
2045-03-22,Squaw Creek Reservoir,0.0068
2045-03-23,Squaw Creek Reservoir,0.0062
2045-03-24,Squaw Creek Reservoir,0.0062
2045-03-25,Squaw Creek Reservoir,0.0061
2045-03-26,Squaw Creek Reservoir,0.0061
2045-03-27,Squaw Creek Reservoir,0.0061
2045-03-28,Squaw Creek Reservoir,0.024
2045-03-29,Squaw Creek Reservoir,0.045
2045-03-30,Squaw Creek Reservoir,0.0204
2045-03-31,Squaw Creek Reservoir,0.006
2045-04-01,Squaw Creek Reservoir,0.006
2045-04-02,Squaw Creek Reservoir,0.0536
2045-04-03,Squaw Creek Reservoir,0.0067
2045-04-04,Squaw Creek Reservoir,0.0059
2045-04-05,Squaw Creek Reservoir,0.0059
2045-04-06,Squaw Creek Reservoir,0.0059
2045-04-07,Squaw Creek Reservoir,0.0058
2045-04-08,Squaw Creek Reservoir,0.0058
2045-04-09,Squaw Creek Reservoir,0.0058
2045-04-10,Squaw Creek Reservoir,0.0058
2045-04-11,Squaw Creek Reservoir,0.0809
2045-04-12,Squaw Creek Reservoir,0.0057
2045-04-13,Squaw Creek Reservoir,0.0057
2045-04-14,Squaw Creek Reservoir,0.0057
2045-04-15,Squaw Creek Reservoir,0.0057
2045-04-16,Squaw Creek Reservoir,0.0056
2045-04-17,Squaw Creek Reservoir,0.0328
2045-04-18,Squaw Creek Reservoir,0.0069
2045-04-19,Squaw Creek Reservoir,0.011
2045-04-20,Squaw Creek Reservoir,0.0097
2045-04-21,Squaw Creek Reservoir,0.0275
2045-04-22,Squaw Creek Reservoir,0.0119
2045-04-23,Squaw Creek Reservoir,0.0116
2045-04-24,Squaw Creek Reservoir,0.0054
2045-04-25,Squaw Creek Reservoir,0.0054
2045-04-26,Squaw Creek Reservoir,0.0054
2045-04-27,Squaw Creek Reservoir,0.0054
2045-04-28,Squaw Creek Reservoir,0.0053
2045-04-29,Squaw Creek Reservoir,0.0055
2045-04-30,Squaw Creek Reservoir,0.0797
2045-05-01,Squaw Creek Reservoir,0.2964
2045-05-02,Squaw Creek Reservoir,0.159
2045-05-03,Squaw Creek Reservoir,0.0411
2045-05-04,Squaw Creek Reservoir,0.0397
2045-05-05,Squaw Creek Reservoir,0.0338
2045-05-06,Squaw Creek Reservoir,0.0496
2045-05-07,Squaw Creek Reservoir,0.0338
2045-05-08,Squaw Creek Reservoir,0.0245
2045-05-09,Squaw Creek Reservoir,0.0431
2045-05-10,Squaw Creek Reservoir,0.0212
2045-05-11,Squaw Creek Reservoir,0.0196
2045-05-12,Squaw Creek Reservoir,0.0181
2045-05-13,Squaw Creek Reservoir,0.0173
2045-05-14,Squaw Creek Reservoir,0.0171
2045-05-15,Squaw Creek Reservoir,0.0168
2045-05-16,Squaw Creek Reservoir,0.0163
2045-05-17,Squaw Creek Reservoir,0.122
2045-05-18,Squaw Creek Reservoir,0.0154
2045-05-19,Squaw Creek Reservoir,0.0149
2045-05-20,Squaw Creek Reservoir,0.0142
2045-05-21,Squaw Creek Reservoir,0.0134
2045-05-22,Squaw Creek Reservoir,0.0126
2045-05-23,Squaw Creek Reservoir,0.0119
2045-05-24,Squaw Creek Reservoir,0.0112
2045-05-25,Squaw Creek Reservoir,0.0106
2045-05-26,Squaw Creek Reservoir,0.0117
2045-05-27,Squaw Creek Reservoir,0.0246
2045-05-28,Squaw Creek Reservoir,0.0113
2045-05-29,Squaw Creek Reservoir,0.0205
2045-05-30,Squaw Creek Reservoir,0.015
2045-05-31,Squaw Creek Reservoir,0.0085
2045-06-01,Squaw Creek Reservoir,0.0083
2045-06-02,Squaw Creek Reservoir,0.0081
2045-06-03,Squaw Creek Reservoir,0.0079
2045-06-04,Squaw Creek Reservoir,0.0077
2045-06-05,Squaw Creek Reservoir,0.0078
2045-06-06,Squaw Creek Reservoir,0.0075
2045-06-07,Squaw Creek Reservoir,0.0074
2045-06-08,Squaw Creek Reservoir,0.0073
2045-06-09,Squaw Creek Reservoir,0.0072
2045-06-10,Squaw Creek Reservoir,0.0072
2045-06-11,Squaw Creek Reservoir,0.0071
2045-06-12,Squaw Creek Reservoir,0.007
2045-06-13,Squaw Creek Reservoir,0.0393
2045-06-14,Squaw Creek Reservoir,0.007
2045-06-15,Squaw Creek Reservoir,0.0069
2045-06-16,Squaw Creek Reservoir,0.0069
2045-06-17,Squaw Creek Reservoir,0.0068
2045-06-18,Squaw Creek Reservoir,0.0068
2045-06-19,Squaw Creek Reservoir,0.0068
2045-06-20,Squaw Creek Reservoir,0.0068
2045-06-21,Squaw Creek Reservoir,0.0067
2045-06-22,Squaw Creek Reservoir,0.0067
2045-06-23,Squaw Creek Reservoir,0.0066
2045-06-24,Squaw Creek Reservoir,0.0068
2045-06-25,Squaw Creek Reservoir,0.0067
2045-06-26,Squaw Creek Reservoir,0.0395
2045-06-27,Squaw Creek Reservoir,0.0072
2045-06-28,Squaw Creek Reservoir,0.0065
2045-06-29,Squaw Creek Reservoir,0.0073
2045-06-30,Squaw Creek Reservoir,0.0147
2045-07-01,Squaw Creek Reservoir,0.0116
2045-07-02,Squaw Creek Reservoir,0.0072
2045-07-03,Squaw Creek Reservoir,0.0063
2045-07-04,Squaw Creek Reservoir,0.0063
2045-07-05,Squaw Creek Reservoir,0.0062
2045-07-06,Squaw Creek Reservoir,0.0062
2045-07-07,Squaw Creek Reservoir,0.0062
2045-07-08,Squaw Creek Reservoir,0.0061
2045-07-09,Squaw Creek Reservoir,0.0061
2045-07-10,Squaw Creek Reservoir,0.0061
2045-07-11,Squaw Creek Reservoir,0.006
2045-07-12,Squaw Creek Reservoir,0.006
2045-07-13,Squaw Creek Reservoir,0.0059
2045-07-14,Squaw Creek Reservoir,0.0059
2045-07-15,Squaw Creek Reservoir,0.0059
2045-07-16,Squaw Creek Reservoir,0.0058
2045-07-17,Squaw Creek Reservoir,0.0058
2045-07-18,Squaw Creek Reservoir,0.0058
2045-07-19,Squaw Creek Reservoir,0.0057
2045-07-20,Squaw Creek Reservoir,0.0057
2045-07-21,Squaw Creek Reservoir,0.0056
2045-07-22,Squaw Creek Reservoir,0.0056
2045-07-23,Squaw Creek Reservoir,0.0075
2045-07-24,Squaw Creek Reservoir,0.0058
2045-07-25,Squaw Creek Reservoir,0.0055
2045-07-26,Squaw Creek Reservoir,0.0055
2045-07-27,Squaw Creek Reservoir,0.0054
2045-07-28,Squaw Creek Reservoir,0.0054
2045-07-29,Squaw Creek Reservoir,0.0054
2045-07-30,Squaw Creek Reservoir,0.0733
2045-07-31,Squaw Creek Reservoir,0.0199
2045-08-01,Squaw Creek Reservoir,0.0171
2045-08-02,Squaw Creek Reservoir,0.0058
2045-08-03,Squaw Creek Reservoir,0.0055
2045-08-04,Squaw Creek Reservoir,0.0053
2045-08-05,Squaw Creek Reservoir,0.0058
2045-08-06,Squaw Creek Reservoir,0.1301
2045-08-07,Squaw Creek Reservoir,0.095
2045-08-08,Squaw Creek Reservoir,0.0071
2045-08-09,Squaw Creek Reservoir,0.0053
2045-08-10,Squaw Creek Reservoir,0.0075
2045-08-11,Squaw Creek Reservoir,0.0053
2045-08-12,Squaw Creek Reservoir,0.0053
2045-08-13,Squaw Creek Reservoir,0.0054
2045-08-14,Squaw Creek Reservoir,0.0054
2045-08-15,Squaw Creek Reservoir,0.0055
2045-08-16,Squaw Creek Reservoir,0.0055
2045-08-17,Squaw Creek Reservoir,0.0056
2045-08-18,Squaw Creek Reservoir,0.0055
2045-08-19,Squaw Creek Reservoir,0.0057
2045-08-20,Squaw Creek Reservoir,0.007
2045-08-21,Squaw Creek Reservoir,0.0059
2045-08-22,Squaw Creek Reservoir,0.0056
2045-08-23,Squaw Creek Reservoir,0.0056
2045-08-24,Squaw Creek Reservoir,0.0056
2045-08-25,Squaw Creek Reservoir,0.0056
2045-08-26,Squaw Creek Reservoir,0.0056
2045-08-27,Squaw Creek Reservoir,0.0056
2045-08-28,Squaw Creek Reservoir,0.0056
2045-08-29,Squaw Creek Reservoir,0.0056
2045-08-30,Squaw Creek Reservoir,0.0056
2045-08-31,Squaw Creek Reservoir,0.0056
2045-09-01,Squaw Creek Reservoir,0.0056
2045-09-02,Squaw Creek Reservoir,0.0056
2045-09-03,Squaw Creek Reservoir,0.0058
2045-09-04,Squaw Creek Reservoir,0.0056
2045-09-05,Squaw Creek Reservoir,0.0055
2045-09-06,Squaw Creek Reservoir,0.0055
2045-09-07,Squaw Creek Reservoir,0.0055
2045-09-08,Squaw Creek Reservoir,0.0055
2045-09-09,Squaw Creek Reservoir,0.0054
2045-09-10,Squaw Creek Reservoir,0.0064
2045-09-11,Squaw Creek Reservoir,0.0054
2045-09-12,Squaw Creek Reservoir,0.0054
2045-09-13,Squaw Creek Reservoir,0.0282
2045-09-14,Squaw Creek Reservoir,0.0198
2045-09-15,Squaw Creek Reservoir,0.0213
2045-09-16,Squaw Creek Reservoir,0.0053
2045-09-17,Squaw Creek Reservoir,0.0053
2045-09-18,Squaw Creek Reservoir,0.0053
2045-09-19,Squaw Creek Reservoir,0.0052
2045-09-20,Squaw Creek Reservoir,0.0052
2045-09-21,Squaw Creek Reservoir,0.0052
2045-09-22,Squaw Creek Reservoir,0.0052
2045-09-23,Squaw Creek Reservoir,0.0052
2045-09-24,Squaw Creek Reservoir,0.0051
2045-09-25,Squaw Creek Reservoir,0.0051
2045-09-26,Squaw Creek Reservoir,0.0051
2045-09-27,Squaw Creek Reservoir,0.005
2045-09-28,Squaw Creek Reservoir,0.005
2045-09-29,Squaw Creek Reservoir,0.005
2045-09-30,Squaw Creek Reservoir,0.0068
2045-10-01,Squaw Creek Reservoir,0.0051
2045-10-02,Squaw Creek Reservoir,0.0049
2045-10-03,Squaw Creek Reservoir,0.019
2045-10-04,Squaw Creek Reservoir,0.0049
2045-10-05,Squaw Creek Reservoir,0.0048
2045-10-06,Squaw Creek Reservoir,0.0048
2045-10-07,Squaw Creek Reservoir,0.0048
2045-10-08,Squaw Creek Reservoir,0.0048
2045-10-09,Squaw Creek Reservoir,0.0048
2045-10-10,Squaw Creek Reservoir,0.0047
2045-10-11,Squaw Creek Reservoir,0.0047
2045-10-12,Squaw Creek Reservoir,0.0054
2045-10-13,Squaw Creek Reservoir,0.0094
2045-10-14,Squaw Creek Reservoir,0.0046
2045-10-15,Squaw Creek Reservoir,0.0046
2045-10-16,Squaw Creek Reservoir,0.0164
2045-10-17,Squaw Creek Reservoir,0.0063
2045-10-18,Squaw Creek Reservoir,0.0045
2045-10-19,Squaw Creek Reservoir,0.0045
2045-10-20,Squaw Creek Reservoir,0.0045
2045-10-21,Squaw Creek Reservoir,0.0044
2045-10-22,Squaw Creek Reservoir,0.0044
2045-10-23,Squaw Creek Reservoir,0.0044
2045-10-24,Squaw Creek Reservoir,0.0045
2045-10-25,Squaw Creek Reservoir,0.0049
2045-10-26,Squaw Creek Reservoir,0.0043
2045-10-27,Squaw Creek Reservoir,0.0043
2045-10-28,Squaw Creek Reservoir,0.0042
2045-10-29,Squaw Creek Reservoir,0.0042
2045-10-30,Squaw Creek Reservoir,0.0057
2045-10-31,Squaw Creek Reservoir,0.1047
2045-11-01,Squaw Creek Reservoir,0.0063
2045-11-02,Squaw Creek Reservoir,0.0041
2045-11-03,Squaw Creek Reservoir,0.0041
2045-11-04,Squaw Creek Reservoir,0.0041
2045-11-05,Squaw Creek Reservoir,0.0041
2045-11-06,Squaw Creek Reservoir,0.0061
2045-11-07,Squaw Creek Reservoir,0.0041
2045-11-08,Squaw Creek Reservoir,0.004
2045-11-09,Squaw Creek Reservoir,0.004
2045-11-10,Squaw Creek Reservoir,0.0041
2045-11-11,Squaw Creek Reservoir,0.0042
2045-11-12,Squaw Creek Reservoir,0.004
2045-11-13,Squaw Creek Reservoir,0.005
2045-11-14,Squaw Creek Reservoir,0.0051
2045-11-15,Squaw Creek Reservoir,0.0038
2045-11-16,Squaw Creek Reservoir,0.0038
2045-11-17,Squaw Creek Reservoir,0.0038
2045-11-18,Squaw Creek Reservoir,0.0039
2045-11-19,Squaw Creek Reservoir,0.0094
2045-11-20,Squaw Creek Reservoir,0.0042
2045-11-21,Squaw Creek Reservoir,0.0037
2045-11-22,Squaw Creek Reservoir,0.0037
2045-11-23,Squaw Creek Reservoir,0.0236
2045-11-24,Squaw Creek Reservoir,0.0088
2045-11-25,Squaw Creek Reservoir,0.0036
2045-11-26,Squaw Creek Reservoir,0.0036
2045-11-27,Squaw Creek Reservoir,0.0036
2045-11-28,Squaw Creek Reservoir,0.0036
2045-11-29,Squaw Creek Reservoir,0.0036
2045-11-30,Squaw Creek Reservoir,0.0035
2045-12-01,Squaw Creek Reservoir,0.0035
2045-12-02,Squaw Creek Reservoir,0.0037
2045-12-03,Squaw Creek Reservoir,0.0037
2045-12-04,Squaw Creek Reservoir,0.0035
2045-12-05,Squaw Creek Reservoir,0.0034
2045-12-06,Squaw Creek Reservoir,0.0034
2045-12-07,Squaw Creek Reservoir,0.0034
2045-12-08,Squaw Creek Reservoir,0.0034
2045-12-09,Squaw Creek Reservoir,0.0034
2045-12-10,Squaw Creek Reservoir,0.0033
2045-12-11,Squaw Creek Reservoir,0.0033
2045-12-12,Squaw Creek Reservoir,0.0033
2045-12-13,Squaw Creek Reservoir,0.0033
2045-12-14,Squaw Creek Reservoir,0.0043
2045-12-15,Squaw Creek Reservoir,0.0037
2045-12-16,Squaw Creek Reservoir,0.03
2045-12-17,Squaw Creek Reservoir,0.0032
2045-12-18,Squaw Creek Reservoir,0.0032
2045-12-19,Squaw Creek Reservoir,0.0032
2045-12-20,Squaw Creek Reservoir,0.0032
2045-12-21,Squaw Creek Reservoir,0.0031
2045-12-22,Squaw Creek Reservoir,0.0031
2045-12-23,Squaw Creek Reservoir,0.0031
2045-12-24,Squaw Creek Reservoir,0.0031
2045-12-25,Squaw Creek Reservoir,0.0032
2045-12-26,Squaw Creek Reservoir,0.003
2045-12-27,Squaw Creek Reservoir,0.003
2045-12-28,Squaw Creek Reservoir,0.003
2045-12-29,Squaw Creek Reservoir,0.003
2045-12-30,Squaw Creek Reservoir,0.003
2045-12-31,Squaw Creek Reservoir,0.0038
2046-01-01,Squaw Creek Reservoir,0.0226
2046-01-02,Squaw Creek Reservoir,0.0029
2046-01-03,Squaw Creek Reservoir,0.0029
2046-01-04,Squaw Creek Reservoir,0.0046
2046-01-05,Squaw Creek Reservoir,0.0536
2046-01-06,Squaw Creek Reservoir,0.0033
2046-01-07,Squaw Creek Reservoir,0.0029
2046-01-08,Squaw Creek Reservoir,0.0028
2046-01-09,Squaw Creek Reservoir,0.0034
2046-01-10,Squaw Creek Reservoir,0.0054
2046-01-11,Squaw Creek Reservoir,0.0028
2046-01-12,Squaw Creek Reservoir,0.0028
2046-01-13,Squaw Creek Reservoir,0.0028
2046-01-14,Squaw Creek Reservoir,0.0027
2046-01-15,Squaw Creek Reservoir,0.0027
2046-01-16,Squaw Creek Reservoir,0.0027
2046-01-17,Squaw Creek Reservoir,0.0029
2046-01-18,Squaw Creek Reservoir,0.0028
2046-01-19,Squaw Creek Reservoir,0.0026
2046-01-20,Squaw Creek Reservoir,0.0026
2046-01-21,Squaw Creek Reservoir,0.0026
2046-01-22,Squaw Creek Reservoir,0.0026
2046-01-23,Squaw Creek Reservoir,0.0026
2046-01-24,Squaw Creek Reservoir,0.0026
2046-01-25,Squaw Creek Reservoir,0.0026
2046-01-26,Squaw Creek Reservoir,0.0026
2046-01-27,Squaw Creek Reservoir,0.0037
2046-01-28,Squaw Creek Reservoir,0.0355
2046-01-29,Squaw Creek Reservoir,0.0028
2046-01-30,Squaw Creek Reservoir,0.0025
2046-01-31,Squaw Creek Reservoir,0.0025
2046-02-01,Squaw Creek Reservoir,0.0025
2046-02-02,Squaw Creek Reservoir,0.0024
2046-02-03,Squaw Creek Reservoir,0.0024
2046-02-04,Squaw Creek Reservoir,0.0024
2046-02-05,Squaw Creek Reservoir,0.0024
2046-02-06,Squaw Creek Reservoir,0.0024
2046-02-07,Squaw Creek Reservoir,0.0024
2046-02-08,Squaw Creek Reservoir,0.0112
2046-02-09,Squaw Creek Reservoir,0.0044
2046-02-10,Squaw Creek Reservoir,0.0128
2046-02-11,Squaw Creek Reservoir,0.0023
2046-02-12,Squaw Creek Reservoir,0.0024
2046-02-13,Squaw Creek Reservoir,0.0023
2046-02-14,Squaw Creek Reservoir,0.0023
2046-02-15,Squaw Creek Reservoir,0.0023
2046-02-16,Squaw Creek Reservoir,0.0023
2046-02-17,Squaw Creek Reservoir,0.0023
2046-02-18,Squaw Creek Reservoir,0.0023
2046-02-19,Squaw Creek Reservoir,0.0663
2046-02-20,Squaw Creek Reservoir,0.0022
2046-02-21,Squaw Creek Reservoir,0.0028
2046-02-22,Squaw Creek Reservoir,0.0022
2046-02-23,Squaw Creek Reservoir,0.0022
2046-02-24,Squaw Creek Reservoir,0.0022
2046-02-25,Squaw Creek Reservoir,0.0022
2046-02-26,Squaw Creek Reservoir,0.0021
2046-02-27,Squaw Creek Reservoir,0.0021
2046-02-28,Squaw Creek Reservoir,0.0022
2046-03-01,Squaw Creek Reservoir,0.0021
2046-03-02,Squaw Creek Reservoir,0.0021
2046-03-03,Squaw Creek Reservoir,0.0021
2046-03-04,Squaw Creek Reservoir,0.0021
2046-03-05,Squaw Creek Reservoir,0.0021
2046-03-06,Squaw Creek Reservoir,0.002
2046-03-07,Squaw Creek Reservoir,0.002
2046-03-08,Squaw Creek Reservoir,0.002
2046-03-09,Squaw Creek Reservoir,0.002
2046-03-10,Squaw Creek Reservoir,0.0646
2046-03-11,Squaw Creek Reservoir,0.0518
2046-03-12,Squaw Creek Reservoir,0.0029
2046-03-13,Squaw Creek Reservoir,0.0044
2046-03-14,Squaw Creek Reservoir,0.0021
2046-03-15,Squaw Creek Reservoir,0.002
2046-03-16,Squaw Creek Reservoir,0.0019
2046-03-17,Squaw Creek Reservoir,0.0019
2046-03-18,Squaw Creek Reservoir,0.0019
2046-03-19,Squaw Creek Reservoir,0.0019
2046-03-20,Squaw Creek Reservoir,0.0019
2046-03-21,Squaw Creek Reservoir,0.0019
2046-03-22,Squaw Creek Reservoir,0.0019
2046-03-23,Squaw Creek Reservoir,0.0019
2046-03-24,Squaw Creek Reservoir,0.0019
2046-03-25,Squaw Creek Reservoir,0.027
2046-03-26,Squaw Creek Reservoir,0.2451
2046-03-27,Squaw Creek Reservoir,0.0022
2046-03-28,Squaw Creek Reservoir,0.1477
2046-03-29,Squaw Creek Reservoir,0.0029
2046-03-30,Squaw Creek Reservoir,0.0021
2046-03-31,Squaw Creek Reservoir,0.0022
2046-04-01,Squaw Creek Reservoir,0.0023
2046-04-02,Squaw Creek Reservoir,0.0024
2046-04-03,Squaw Creek Reservoir,0.0092
2046-04-04,Squaw Creek Reservoir,0.018
2046-04-05,Squaw Creek Reservoir,0.0029
2046-04-06,Squaw Creek Reservoir,0.0081
2046-04-07,Squaw Creek Reservoir,0.0039
2046-04-08,Squaw Creek Reservoir,0.0028
2046-04-09,Squaw Creek Reservoir,0.0028
2046-04-10,Squaw Creek Reservoir,0.0029
2046-04-11,Squaw Creek Reservoir,0.0029
2046-04-12,Squaw Creek Reservoir,0.003
2046-04-13,Squaw Creek Reservoir,0.005
2046-04-14,Squaw Creek Reservoir,0.0244
2046-04-15,Squaw Creek Reservoir,0.1331
2046-04-16,Squaw Creek Reservoir,0.0138
2046-04-17,Squaw Creek Reservoir,0.0071
2046-04-18,Squaw Creek Reservoir,0.2137
2046-04-19,Squaw Creek Reservoir,0.1812
2046-04-20,Squaw Creek Reservoir,0.0414
2046-04-21,Squaw Creek Reservoir,0.0633
2046-04-22,Squaw Creek Reservoir,0.0538
2046-04-23,Squaw Creek Reservoir,0.0446
2046-04-24,Squaw Creek Reservoir,0.035
2046-04-25,Squaw Creek Reservoir,0.0505
2046-04-26,Squaw Creek Reservoir,0.0401
2046-04-27,Squaw Creek Reservoir,0.0229
2046-04-28,Squaw Creek Reservoir,0.0208
2046-04-29,Squaw Creek Reservoir,0.0187
2046-04-30,Squaw Creek Reservoir,0.022
2046-05-01,Squaw Creek Reservoir,0.0159
2046-05-02,Squaw Creek Reservoir,0.0147
2046-05-03,Squaw Creek Reservoir,0.0137
2046-05-04,Squaw Creek Reservoir,0.0128
2046-05-05,Squaw Creek Reservoir,0.0122
2046-05-06,Squaw Creek Reservoir,0.0213
2046-05-07,Squaw Creek Reservoir,0.0134
2046-05-08,Squaw Creek Reservoir,0.0122
2046-05-09,Squaw Creek Reservoir,0.0104
2046-05-10,Squaw Creek Reservoir,0.03
2046-05-11,Squaw Creek Reservoir,0.205
2046-05-12,Squaw Creek Reservoir,0.0124
2046-05-13,Squaw Creek Reservoir,0.0132
2046-05-14,Squaw Creek Reservoir,0.0138
2046-05-15,Squaw Creek Reservoir,0.0119
2046-05-16,Squaw Creek Reservoir,0.0113
2046-05-17,Squaw Creek Reservoir,0.0107
2046-05-18,Squaw Creek Reservoir,0.0102
2046-05-19,Squaw Creek Reservoir,0.013
2046-05-20,Squaw Creek Reservoir,0.0095
2046-05-21,Squaw Creek Reservoir,0.0098
2046-05-22,Squaw Creek Reservoir,0.0085
2046-05-23,Squaw Creek Reservoir,0.0082
2046-05-24,Squaw Creek Reservoir,0.0079
2046-05-25,Squaw Creek Reservoir,0.0143
2046-05-26,Squaw Creek Reservoir,0.0303
2046-05-27,Squaw Creek Reservoir,0.0087
2046-05-28,Squaw Creek Reservoir,0.0069
2046-05-29,Squaw Creek Reservoir,0.0068
2046-05-30,Squaw Creek Reservoir,0.0066
2046-05-31,Squaw Creek Reservoir,0.0067
2046-06-01,Squaw Creek Reservoir,0.0066
2046-06-02,Squaw Creek Reservoir,0.0069
2046-06-03,Squaw Creek Reservoir,0.0062
2046-06-04,Squaw Creek Reservoir,0.0071
2046-06-05,Squaw Creek Reservoir,0.0063
2046-06-06,Squaw Creek Reservoir,0.0058
2046-06-07,Squaw Creek Reservoir,0.006
2046-06-08,Squaw Creek Reservoir,0.0056
2046-06-09,Squaw Creek Reservoir,0.0055
2046-06-10,Squaw Creek Reservoir,0.0054
2046-06-11,Squaw Creek Reservoir,0.0054
2046-06-12,Squaw Creek Reservoir,0.0054
2046-06-13,Squaw Creek Reservoir,0.0053
2046-06-14,Squaw Creek Reservoir,0.0053
2046-06-15,Squaw Creek Reservoir,0.0053
2046-06-16,Squaw Creek Reservoir,0.0053
2046-06-17,Squaw Creek Reservoir,0.0052
2046-06-18,Squaw Creek Reservoir,0.0052
2046-06-19,Squaw Creek Reservoir,0.0052
2046-06-20,Squaw Creek Reservoir,0.0116
2046-06-21,Squaw Creek Reservoir,0.0052
2046-06-22,Squaw Creek Reservoir,0.0052
2046-06-23,Squaw Creek Reservoir,0.0052
2046-06-24,Squaw Creek Reservoir,0.0052
2046-06-25,Squaw Creek Reservoir,0.2374
2046-06-26,Squaw Creek Reservoir,0.0052
2046-06-27,Squaw Creek Reservoir,0.0066
2046-06-28,Squaw Creek Reservoir,0.0072
2046-06-29,Squaw Creek Reservoir,0.008
2046-06-30,Squaw Creek Reservoir,0.3971
2046-07-01,Squaw Creek Reservoir,0.0976
2046-07-02,Squaw Creek Reservoir,0.0715
2046-07-03,Squaw Creek Reservoir,0.0557
2046-07-04,Squaw Creek Reservoir,0.0421
2046-07-05,Squaw Creek Reservoir,0.0352
2046-07-06,Squaw Creek Reservoir,0.0298
2046-07-07,Squaw Creek Reservoir,0.0255
2046-07-08,Squaw Creek Reservoir,0.0226
2046-07-09,Squaw Creek Reservoir,0.021
2046-07-10,Squaw Creek Reservoir,0.0185
2046-07-11,Squaw Creek Reservoir,0.0168
2046-07-12,Squaw Creek Reservoir,0.0155
2046-07-13,Squaw Creek Reservoir,0.0144
2046-07-14,Squaw Creek Reservoir,0.0135
2046-07-15,Squaw Creek Reservoir,0.0126
2046-07-16,Squaw Creek Reservoir,0.012
2046-07-17,Squaw Creek Reservoir,0.0112
2046-07-18,Squaw Creek Reservoir,0.0107
2046-07-19,Squaw Creek Reservoir,0.0101
2046-07-20,Squaw Creek Reservoir,0.0096
2046-07-21,Squaw Creek Reservoir,0.0116
2046-07-22,Squaw Creek Reservoir,0.0094
2046-07-23,Squaw Creek Reservoir,0.01
2046-07-24,Squaw Creek Reservoir,0.0088
2046-07-25,Squaw Creek Reservoir,0.0079
2046-07-26,Squaw Creek Reservoir,0.0076
2046-07-27,Squaw Creek Reservoir,0.0077
2046-07-28,Squaw Creek Reservoir,0.0072
2046-07-29,Squaw Creek Reservoir,0.0068
2046-07-30,Squaw Creek Reservoir,0.0066
2046-07-31,Squaw Creek Reservoir,0.0064
2046-08-01,Squaw Creek Reservoir,0.0063
2046-08-02,Squaw Creek Reservoir,0.0061
2046-08-03,Squaw Creek Reservoir,0.006
2046-08-04,Squaw Creek Reservoir,0.0059
2046-08-05,Squaw Creek Reservoir,0.0058
2046-08-06,Squaw Creek Reservoir,0.0057
2046-08-07,Squaw Creek Reservoir,0.0056
2046-08-08,Squaw Creek Reservoir,0.0055
2046-08-09,Squaw Creek Reservoir,0.0054
2046-08-10,Squaw Creek Reservoir,0.0054
2046-08-11,Squaw Creek Reservoir,0.0053
2046-08-12,Squaw Creek Reservoir,0.0052
2046-08-13,Squaw Creek Reservoir,0.0052
2046-08-14,Squaw Creek Reservoir,0.0052
2046-08-15,Squaw Creek Reservoir,0.0051
2046-08-16,Squaw Creek Reservoir,0.0051
2046-08-17,Squaw Creek Reservoir,0.0051
2046-08-18,Squaw Creek Reservoir,0.0051
2046-08-19,Squaw Creek Reservoir,0.005
2046-08-20,Squaw Creek Reservoir,0.005
2046-08-21,Squaw Creek Reservoir,0.005
2046-08-22,Squaw Creek Reservoir,0.005
2046-08-23,Squaw Creek Reservoir,0.005
2046-08-24,Squaw Creek Reservoir,0.005
2046-08-25,Squaw Creek Reservoir,0.0049
2046-08-26,Squaw Creek Reservoir,0.0049
2046-08-27,Squaw Creek Reservoir,0.0049
2046-08-28,Squaw Creek Reservoir,0.0049
2046-08-29,Squaw Creek Reservoir,0.0048
2046-08-30,Squaw Creek Reservoir,0.0048
2046-08-31,Squaw Creek Reservoir,0.0048
2046-09-01,Squaw Creek Reservoir,0.0099
2046-09-02,Squaw Creek Reservoir,0.0299
2046-09-03,Squaw Creek Reservoir,0.0377
2046-09-04,Squaw Creek Reservoir,0.0047
2046-09-05,Squaw Creek Reservoir,0.0047
2046-09-06,Squaw Creek Reservoir,0.0047
2046-09-07,Squaw Creek Reservoir,0.0046
2046-09-08,Squaw Creek Reservoir,0.0046
2046-09-09,Squaw Creek Reservoir,0.0046
2046-09-10,Squaw Creek Reservoir,0.0046
2046-09-11,Squaw Creek Reservoir,0.0046
2046-09-12,Squaw Creek Reservoir,0.0045
2046-09-13,Squaw Creek Reservoir,0.0051
2046-09-14,Squaw Creek Reservoir,0.0342
2046-09-15,Squaw Creek Reservoir,0.0112
2046-09-16,Squaw Creek Reservoir,0.0044
2046-09-17,Squaw Creek Reservoir,0.0044
2046-09-18,Squaw Creek Reservoir,0.0044
2046-09-19,Squaw Creek Reservoir,0.0044
2046-09-20,Squaw Creek Reservoir,0.0046
2046-09-21,Squaw Creek Reservoir,0.0043
2046-09-22,Squaw Creek Reservoir,0.0137
2046-09-23,Squaw Creek Reservoir,0.2537
2046-09-24,Squaw Creek Reservoir,0.0056
2046-09-25,Squaw Creek Reservoir,0.0073
2046-09-26,Squaw Creek Reservoir,0.0044
2046-09-27,Squaw Creek Reservoir,0.0044
2046-09-28,Squaw Creek Reservoir,0.0044
2046-09-29,Squaw Creek Reservoir,0.0045
2046-09-30,Squaw Creek Reservoir,0.0045
2046-10-01,Squaw Creek Reservoir,0.0045
2046-10-02,Squaw Creek Reservoir,0.0046
2046-10-03,Squaw Creek Reservoir,0.0046
2046-10-04,Squaw Creek Reservoir,0.0046
2046-10-05,Squaw Creek Reservoir,0.0046
2046-10-06,Squaw Creek Reservoir,0.0046
2046-10-07,Squaw Creek Reservoir,0.0046
2046-10-08,Squaw Creek Reservoir,0.0046
2046-10-09,Squaw Creek Reservoir,0.0046
2046-10-10,Squaw Creek Reservoir,0.1119
2046-10-11,Squaw Creek Reservoir,0.2378
2046-10-12,Squaw Creek Reservoir,0.0138
2046-10-13,Squaw Creek Reservoir,0.0304
2046-10-14,Squaw Creek Reservoir,0.0302
2046-10-15,Squaw Creek Reservoir,0.0262
2046-10-16,Squaw Creek Reservoir,0.0231
2046-10-17,Squaw Creek Reservoir,0.0206
2046-10-18,Squaw Creek Reservoir,0.0186
2046-10-19,Squaw Creek Reservoir,0.017
2046-10-20,Squaw Creek Reservoir,0.0156
2046-10-21,Squaw Creek Reservoir,0.0145
2046-10-22,Squaw Creek Reservoir,0.0135
2046-10-23,Squaw Creek Reservoir,0.0126
2046-10-24,Squaw Creek Reservoir,0.0119
2046-10-25,Squaw Creek Reservoir,0.0112
2046-10-26,Squaw Creek Reservoir,0.0107
2046-10-27,Squaw Creek Reservoir,0.055
2046-10-28,Squaw Creek Reservoir,0.2845
2046-10-29,Squaw Creek Reservoir,0.2375
2046-10-30,Squaw Creek Reservoir,0.0994
2046-10-31,Squaw Creek Reservoir,0.0691
2046-11-01,Squaw Creek Reservoir,0.0514
2046-11-02,Squaw Creek Reservoir,0.0409
2046-11-03,Squaw Creek Reservoir,0.0392
2046-11-04,Squaw Creek Reservoir,0.0289
2046-11-05,Squaw Creek Reservoir,0.0265
2046-11-06,Squaw Creek Reservoir,0.0222
2046-11-07,Squaw Creek Reservoir,0.0199
2046-11-08,Squaw Creek Reservoir,0.0181
2046-11-09,Squaw Creek Reservoir,0.0166
2046-11-10,Squaw Creek Reservoir,0.0153
2046-11-11,Squaw Creek Reservoir,0.0142
2046-11-12,Squaw Creek Reservoir,0.0133
2046-11-13,Squaw Creek Reservoir,0.0124
2046-11-14,Squaw Creek Reservoir,0.0117
2046-11-15,Squaw Creek Reservoir,0.0111
2046-11-16,Squaw Creek Reservoir,0.0105
2046-11-17,Squaw Creek Reservoir,0.0105
2046-11-18,Squaw Creek Reservoir,0.069
2046-11-19,Squaw Creek Reservoir,0.0097
2046-11-20,Squaw Creek Reservoir,0.0087
2046-11-21,Squaw Creek Reservoir,0.0084
2046-11-22,Squaw Creek Reservoir,0.008
2046-11-23,Squaw Creek Reservoir,0.0078
2046-11-24,Squaw Creek Reservoir,0.0075
2046-11-25,Squaw Creek Reservoir,0.0072
2046-11-26,Squaw Creek Reservoir,0.007
2046-11-27,Squaw Creek Reservoir,0.0068
2046-11-28,Squaw Creek Reservoir,0.0066
2046-11-29,Squaw Creek Reservoir,0.0064
2046-11-30,Squaw Creek Reservoir,0.0062
2046-12-01,Squaw Creek Reservoir,0.0061
2046-12-02,Squaw Creek Reservoir,0.006
2046-12-03,Squaw Creek Reservoir,0.0059
2046-12-04,Squaw Creek Reservoir,0.0061
2046-12-05,Squaw Creek Reservoir,0.0057
2046-12-06,Squaw Creek Reservoir,0.0056
2046-12-07,Squaw Creek Reservoir,0.0055
2046-12-08,Squaw Creek Reservoir,0.0055
2046-12-09,Squaw Creek Reservoir,0.0054
2046-12-10,Squaw Creek Reservoir,0.0053
2046-12-11,Squaw Creek Reservoir,0.0053
2046-12-12,Squaw Creek Reservoir,0.0053
2046-12-13,Squaw Creek Reservoir,0.0052
2046-12-14,Squaw Creek Reservoir,0.0051
2046-12-15,Squaw Creek Reservoir,0.0051
2046-12-16,Squaw Creek Reservoir,0.0096
2046-12-17,Squaw Creek Reservoir,0.0051
2046-12-18,Squaw Creek Reservoir,0.005
2046-12-19,Squaw Creek Reservoir,0.005
2046-12-20,Squaw Creek Reservoir,0.005
2046-12-21,Squaw Creek Reservoir,0.005
2046-12-22,Squaw Creek Reservoir,0.005
2046-12-23,Squaw Creek Reservoir,0.005
2046-12-24,Squaw Creek Reservoir,0.0078
2046-12-25,Squaw Creek Reservoir,0.0049
2046-12-26,Squaw Creek Reservoir,0.0049
2046-12-27,Squaw Creek Reservoir,0.1482
2046-12-28,Squaw Creek Reservoir,0.0088
2046-12-29,Squaw Creek Reservoir,0.0054
2046-12-30,Squaw Creek Reservoir,0.0048
2046-12-31,Squaw Creek Reservoir,0.0048
2047-01-01,Squaw Creek Reservoir,0.0048
2047-01-02,Squaw Creek Reservoir,0.0048
2047-01-03,Squaw Creek Reservoir,0.0048
2047-01-04,Squaw Creek Reservoir,0.0047
2047-01-05,Squaw Creek Reservoir,0.0048
2047-01-06,Squaw Creek Reservoir,0.0047
2047-01-07,Squaw Creek Reservoir,0.0047
2047-01-08,Squaw Creek Reservoir,0.0046
2047-01-09,Squaw Creek Reservoir,0.0046
2047-01-10,Squaw Creek Reservoir,0.0046
2047-01-11,Squaw Creek Reservoir,0.0046
2047-01-12,Squaw Creek Reservoir,0.0046
2047-01-13,Squaw Creek Reservoir,0.0052
2047-01-14,Squaw Creek Reservoir,0.0536
2047-01-15,Squaw Creek Reservoir,0.0045
2047-01-16,Squaw Creek Reservoir,0.0045
2047-01-17,Squaw Creek Reservoir,0.0044
2047-01-18,Squaw Creek Reservoir,0.0044
2047-01-19,Squaw Creek Reservoir,0.0044
2047-01-20,Squaw Creek Reservoir,0.0044
2047-01-21,Squaw Creek Reservoir,0.0044
2047-01-22,Squaw Creek Reservoir,0.0043
2047-01-23,Squaw Creek Reservoir,0.0044
2047-01-24,Squaw Creek Reservoir,0.0618
2047-01-25,Squaw Creek Reservoir,0.0104
2047-01-26,Squaw Creek Reservoir,0.0061
2047-01-27,Squaw Creek Reservoir,0.0042
2047-01-28,Squaw Creek Reservoir,0.0042
2047-01-29,Squaw Creek Reservoir,0.0122
2047-01-30,Squaw Creek Reservoir,0.0128
2047-01-31,Squaw Creek Reservoir,0.0041
2047-02-01,Squaw Creek Reservoir,0.0041
2047-02-02,Squaw Creek Reservoir,0.0041
2047-02-03,Squaw Creek Reservoir,0.0056
2047-02-04,Squaw Creek Reservoir,0.0041
2047-02-05,Squaw Creek Reservoir,0.004
2047-02-06,Squaw Creek Reservoir,0.004
2047-02-07,Squaw Creek Reservoir,0.004
2047-02-08,Squaw Creek Reservoir,0.004
2047-02-09,Squaw Creek Reservoir,0.004
2047-02-10,Squaw Creek Reservoir,0.0039
2047-02-11,Squaw Creek Reservoir,0.0039
2047-02-12,Squaw Creek Reservoir,0.0039
2047-02-13,Squaw Creek Reservoir,0.0039
2047-02-14,Squaw Creek Reservoir,0.0038
2047-02-15,Squaw Creek Reservoir,0.0038
2047-02-16,Squaw Creek Reservoir,0.0038
2047-02-17,Squaw Creek Reservoir,0.004
2047-02-18,Squaw Creek Reservoir,0.039
2047-02-19,Squaw Creek Reservoir,0.0048
2047-02-20,Squaw Creek Reservoir,0.0037
2047-02-21,Squaw Creek Reservoir,0.0851
2047-02-22,Squaw Creek Reservoir,0.0036
2047-02-23,Squaw Creek Reservoir,0.021
2047-02-24,Squaw Creek Reservoir,0.1131
2047-02-25,Squaw Creek Reservoir,0.0353
2047-02-26,Squaw Creek Reservoir,0.0727
2047-02-27,Squaw Creek Reservoir,0.0659
2047-02-28,Squaw Creek Reservoir,0.0037
2047-03-01,Squaw Creek Reservoir,0.0038
2047-03-02,Squaw Creek Reservoir,0.0039
2047-03-03,Squaw Creek Reservoir,0.004
2047-03-04,Squaw Creek Reservoir,0.0426
2047-03-05,Squaw Creek Reservoir,0.099
2047-03-06,Squaw Creek Reservoir,0.0042
2047-03-07,Squaw Creek Reservoir,0.0044
2047-03-08,Squaw Creek Reservoir,0.0045
2047-03-09,Squaw Creek Reservoir,0.0046
2047-03-10,Squaw Creek Reservoir,0.0047
2047-03-11,Squaw Creek Reservoir,0.0048
2047-03-12,Squaw Creek Reservoir,0.0049
2047-03-13,Squaw Creek Reservoir,0.0049
2047-03-14,Squaw Creek Reservoir,0.005
2047-03-15,Squaw Creek Reservoir,0.0053
2047-03-16,Squaw Creek Reservoir,0.0053
2047-03-17,Squaw Creek Reservoir,0.0052
2047-03-18,Squaw Creek Reservoir,0.0052
2047-03-19,Squaw Creek Reservoir,0.0052
2047-03-20,Squaw Creek Reservoir,0.0207
2047-03-21,Squaw Creek Reservoir,0.026
2047-03-22,Squaw Creek Reservoir,0.0087
2047-03-23,Squaw Creek Reservoir,0.0221
2047-03-24,Squaw Creek Reservoir,0.0467
2047-03-25,Squaw Creek Reservoir,0.0054
2047-03-26,Squaw Creek Reservoir,0.0054
2047-03-27,Squaw Creek Reservoir,0.0055
2047-03-28,Squaw Creek Reservoir,0.0055
2047-03-29,Squaw Creek Reservoir,0.0056
2047-03-30,Squaw Creek Reservoir,0.0057
2047-03-31,Squaw Creek Reservoir,0.0055
2047-04-01,Squaw Creek Reservoir,0.0056
2047-04-02,Squaw Creek Reservoir,0.0056
2047-04-03,Squaw Creek Reservoir,0.0056
2047-04-04,Squaw Creek Reservoir,0.011
2047-04-05,Squaw Creek Reservoir,0.0056
2047-04-06,Squaw Creek Reservoir,0.0056
2047-04-07,Squaw Creek Reservoir,0.0055
2047-04-08,Squaw Creek Reservoir,0.0055
2047-04-09,Squaw Creek Reservoir,0.0055
2047-04-10,Squaw Creek Reservoir,0.0055
2047-04-11,Squaw Creek Reservoir,0.0154
2047-04-12,Squaw Creek Reservoir,0.0633
2047-04-13,Squaw Creek Reservoir,0.0116
2047-04-14,Squaw Creek Reservoir,0.0084
2047-04-15,Squaw Creek Reservoir,0.0054
2047-04-16,Squaw Creek Reservoir,0.0064
2047-04-17,Squaw Creek Reservoir,0.0054
2047-04-18,Squaw Creek Reservoir,0.0054
2047-04-19,Squaw Creek Reservoir,0.0054
2047-04-20,Squaw Creek Reservoir,0.0127
2047-04-21,Squaw Creek Reservoir,0.0057
2047-04-22,Squaw Creek Reservoir,0.0053
2047-04-23,Squaw Creek Reservoir,0.0055
2047-04-24,Squaw Creek Reservoir,0.0092
2047-04-25,Squaw Creek Reservoir,0.0076
2047-04-26,Squaw Creek Reservoir,0.1114
2047-04-27,Squaw Creek Reservoir,0.4337
2047-04-28,Squaw Creek Reservoir,0.0234
2047-04-29,Squaw Creek Reservoir,0.1984
2047-04-30,Squaw Creek Reservoir,0.5188
2047-05-01,Squaw Creek Reservoir,0.1731
2047-05-02,Squaw Creek Reservoir,0.1912
2047-05-03,Squaw Creek Reservoir,0.1561
2047-05-04,Squaw Creek Reservoir,0.1189
2047-05-05,Squaw Creek Reservoir,0.0938
2047-05-06,Squaw Creek Reservoir,0.0772
2047-05-07,Squaw Creek Reservoir,0.0658
2047-05-08,Squaw Creek Reservoir,0.0566
2047-05-09,Squaw Creek Reservoir,0.0495
2047-05-10,Squaw Creek Reservoir,0.0441
2047-05-11,Squaw Creek Reservoir,0.0405
2047-05-12,Squaw Creek Reservoir,0.0359
2047-05-13,Squaw Creek Reservoir,0.0366
2047-05-14,Squaw Creek Reservoir,0.0307
2047-05-15,Squaw Creek Reservoir,0.0286
2047-05-16,Squaw Creek Reservoir,0.0266
2047-05-17,Squaw Creek Reservoir,0.0356
2047-05-18,Squaw Creek Reservoir,0.0236
2047-05-19,Squaw Creek Reservoir,0.0578
2047-05-20,Squaw Creek Reservoir,0.0576
2047-05-21,Squaw Creek Reservoir,0.0565
2047-05-22,Squaw Creek Reservoir,0.0321
2047-05-23,Squaw Creek Reservoir,0.0241
2047-05-24,Squaw Creek Reservoir,0.0227
2047-05-25,Squaw Creek Reservoir,0.0202
2047-05-26,Squaw Creek Reservoir,0.0191
2047-05-27,Squaw Creek Reservoir,0.0194
2047-05-28,Squaw Creek Reservoir,0.0487
2047-05-29,Squaw Creek Reservoir,0.0746
2047-05-30,Squaw Creek Reservoir,0.0627
2047-05-31,Squaw Creek Reservoir,0.0181
2047-06-01,Squaw Creek Reservoir,0.055
2047-06-02,Squaw Creek Reservoir,0.0455
2047-06-03,Squaw Creek Reservoir,0.0207
2047-06-04,Squaw Creek Reservoir,0.0246
2047-06-05,Squaw Creek Reservoir,0.0191
2047-06-06,Squaw Creek Reservoir,0.0213
2047-06-07,Squaw Creek Reservoir,0.0893
2047-06-08,Squaw Creek Reservoir,0.0206
2047-06-09,Squaw Creek Reservoir,0.0181
2047-06-10,Squaw Creek Reservoir,0.0177
2047-06-11,Squaw Creek Reservoir,0.0173
2047-06-12,Squaw Creek Reservoir,0.0228
2047-06-13,Squaw Creek Reservoir,0.0164
2047-06-14,Squaw Creek Reservoir,0.0158
2047-06-15,Squaw Creek Reservoir,0.0219
2047-06-16,Squaw Creek Reservoir,0.0157
2047-06-17,Squaw Creek Reservoir,0.3587
2047-06-18,Squaw Creek Reservoir,0.0328
2047-06-19,Squaw Creek Reservoir,0.0354
2047-06-20,Squaw Creek Reservoir,0.0324
2047-06-21,Squaw Creek Reservoir,0.03
2047-06-22,Squaw Creek Reservoir,0.0277
2047-06-23,Squaw Creek Reservoir,0.0262
2047-06-24,Squaw Creek Reservoir,0.0429
2047-06-25,Squaw Creek Reservoir,0.0228
2047-06-26,Squaw Creek Reservoir,0.0216
2047-06-27,Squaw Creek Reservoir,0.0206
2047-06-28,Squaw Creek Reservoir,0.0197
2047-06-29,Squaw Creek Reservoir,0.0189
2047-06-30,Squaw Creek Reservoir,0.0234
2047-07-01,Squaw Creek Reservoir,0.0178
2047-07-02,Squaw Creek Reservoir,0.0184
2047-07-03,Squaw Creek Reservoir,0.0171
2047-07-04,Squaw Creek Reservoir,0.0166
2047-07-05,Squaw Creek Reservoir,0.0165
2047-07-06,Squaw Creek Reservoir,0.0172
2047-07-07,Squaw Creek Reservoir,0.0201
2047-07-08,Squaw Creek Reservoir,0.1437
2047-07-09,Squaw Creek Reservoir,0.0153
2047-07-10,Squaw Creek Reservoir,0.0589
2047-07-11,Squaw Creek Reservoir,0.0156
2047-07-12,Squaw Creek Reservoir,0.0157
2047-07-13,Squaw Creek Reservoir,0.0232
2047-07-14,Squaw Creek Reservoir,0.015
2047-07-15,Squaw Creek Reservoir,0.0146
2047-07-16,Squaw Creek Reservoir,0.0143
2047-07-17,Squaw Creek Reservoir,0.014
2047-07-18,Squaw Creek Reservoir,0.0137
2047-07-19,Squaw Creek Reservoir,0.0134
2047-07-20,Squaw Creek Reservoir,0.0131
2047-07-21,Squaw Creek Reservoir,0.0128
2047-07-22,Squaw Creek Reservoir,0.013
2047-07-23,Squaw Creek Reservoir,0.0124
2047-07-24,Squaw Creek Reservoir,0.0122
2047-07-25,Squaw Creek Reservoir,0.012
2047-07-26,Squaw Creek Reservoir,0.0118
2047-07-27,Squaw Creek Reservoir,0.0116
2047-07-28,Squaw Creek Reservoir,0.0115
2047-07-29,Squaw Creek Reservoir,0.0114
2047-07-30,Squaw Creek Reservoir,0.0116
2047-07-31,Squaw Creek Reservoir,0.0115
2047-08-01,Squaw Creek Reservoir,0.011
2047-08-02,Squaw Creek Reservoir,0.0117
2047-08-03,Squaw Creek Reservoir,0.0108
2047-08-04,Squaw Creek Reservoir,0.0111
2047-08-05,Squaw Creek Reservoir,0.0107
2047-08-06,Squaw Creek Reservoir,0.0107
2047-08-07,Squaw Creek Reservoir,0.0105
2047-08-08,Squaw Creek Reservoir,0.0106
2047-08-09,Squaw Creek Reservoir,0.0105
2047-08-10,Squaw Creek Reservoir,0.0104
2047-08-11,Squaw Creek Reservoir,0.0103
2047-08-12,Squaw Creek Reservoir,0.0102
2047-08-13,Squaw Creek Reservoir,0.0102
2047-08-14,Squaw Creek Reservoir,0.0101
2047-08-15,Squaw Creek Reservoir,0.01
2047-08-16,Squaw Creek Reservoir,0.01
2047-08-17,Squaw Creek Reservoir,0.0099
2047-08-18,Squaw Creek Reservoir,0.0098
2047-08-19,Squaw Creek Reservoir,0.0098
2047-08-20,Squaw Creek Reservoir,0.0109
2047-08-21,Squaw Creek Reservoir,0.0103
2047-08-22,Squaw Creek Reservoir,0.0096
2047-08-23,Squaw Creek Reservoir,0.0097
2047-08-24,Squaw Creek Reservoir,0.0099
2047-08-25,Squaw Creek Reservoir,0.0094
2047-08-26,Squaw Creek Reservoir,0.0093
2047-08-27,Squaw Creek Reservoir,0.0093
2047-08-28,Squaw Creek Reservoir,0.0092
2047-08-29,Squaw Creek Reservoir,0.0092
2047-08-30,Squaw Creek Reservoir,0.0091
2047-08-31,Squaw Creek Reservoir,0.0456
2047-09-01,Squaw Creek Reservoir,0.0194
2047-09-02,Squaw Creek Reservoir,0.0089
2047-09-03,Squaw Creek Reservoir,0.0089
2047-09-04,Squaw Creek Reservoir,0.0088
2047-09-05,Squaw Creek Reservoir,0.0087
2047-09-06,Squaw Creek Reservoir,0.0087
2047-09-07,Squaw Creek Reservoir,0.0087
2047-09-08,Squaw Creek Reservoir,0.0241
2047-09-09,Squaw Creek Reservoir,0.0199
2047-09-10,Squaw Creek Reservoir,0.105
2047-09-11,Squaw Creek Reservoir,0.023
2047-09-12,Squaw Creek Reservoir,0.0098
2047-09-13,Squaw Creek Reservoir,0.0106
2047-09-14,Squaw Creek Reservoir,0.0083
2047-09-15,Squaw Creek Reservoir,0.0082
2047-09-16,Squaw Creek Reservoir,0.0082
2047-09-17,Squaw Creek Reservoir,0.0084
2047-09-18,Squaw Creek Reservoir,0.0082
2047-09-19,Squaw Creek Reservoir,0.0082
2047-09-20,Squaw Creek Reservoir,0.0081
2047-09-21,Squaw Creek Reservoir,0.008
2047-09-22,Squaw Creek Reservoir,0.008
2047-09-23,Squaw Creek Reservoir,0.008
2047-09-24,Squaw Creek Reservoir,0.0079
2047-09-25,Squaw Creek Reservoir,0.0079
2047-09-26,Squaw Creek Reservoir,0.0079
2047-09-27,Squaw Creek Reservoir,0.0078
2047-09-28,Squaw Creek Reservoir,0.0078
2047-09-29,Squaw Creek Reservoir,0.0081
2047-09-30,Squaw Creek Reservoir,0.0077
2047-10-01,Squaw Creek Reservoir,0.0077
2047-10-02,Squaw Creek Reservoir,0.0076
2047-10-03,Squaw Creek Reservoir,0.0076
2047-10-04,Squaw Creek Reservoir,0.0519
2047-10-05,Squaw Creek Reservoir,0.0084
2047-10-06,Squaw Creek Reservoir,0.0075
2047-10-07,Squaw Creek Reservoir,0.0075
2047-10-08,Squaw Creek Reservoir,0.0111
2047-10-09,Squaw Creek Reservoir,0.0074
2047-10-10,Squaw Creek Reservoir,0.0073
2047-10-11,Squaw Creek Reservoir,0.0072
2047-10-12,Squaw Creek Reservoir,0.0072
2047-10-13,Squaw Creek Reservoir,0.0072
2047-10-14,Squaw Creek Reservoir,0.0071
2047-10-15,Squaw Creek Reservoir,0.0071
2047-10-16,Squaw Creek Reservoir,0.0086
2047-10-17,Squaw Creek Reservoir,0.0071
2047-10-18,Squaw Creek Reservoir,0.0109
2047-10-19,Squaw Creek Reservoir,0.0926
2047-10-20,Squaw Creek Reservoir,0.0069
2047-10-21,Squaw Creek Reservoir,0.0068
2047-10-22,Squaw Creek Reservoir,0.0068
2047-10-23,Squaw Creek Reservoir,0.0068
2047-10-24,Squaw Creek Reservoir,0.0067
2047-10-25,Squaw Creek Reservoir,0.0067
2047-10-26,Squaw Creek Reservoir,0.0066
2047-10-27,Squaw Creek Reservoir,0.0066
2047-10-28,Squaw Creek Reservoir,0.0066
2047-10-29,Squaw Creek Reservoir,0.0065
2047-10-30,Squaw Creek Reservoir,0.0065
2047-10-31,Squaw Creek Reservoir,0.0064
2047-11-01,Squaw Creek Reservoir,0.0064
2047-11-02,Squaw Creek Reservoir,0.0064
2047-11-03,Squaw Creek Reservoir,0.0063
2047-11-04,Squaw Creek Reservoir,0.0063
2047-11-05,Squaw Creek Reservoir,0.0062
2047-11-06,Squaw Creek Reservoir,0.0062
2047-11-07,Squaw Creek Reservoir,0.0079
2047-11-08,Squaw Creek Reservoir,0.0061
2047-11-09,Squaw Creek Reservoir,0.0108
2047-11-10,Squaw Creek Reservoir,0.006
2047-11-11,Squaw Creek Reservoir,0.006
2047-11-12,Squaw Creek Reservoir,0.006
2047-11-13,Squaw Creek Reservoir,0.0059
2047-11-14,Squaw Creek Reservoir,0.0059
2047-11-15,Squaw Creek Reservoir,0.0059
2047-11-16,Squaw Creek Reservoir,0.006
2047-11-17,Squaw Creek Reservoir,0.0058
2047-11-18,Squaw Creek Reservoir,0.0058
2047-11-19,Squaw Creek Reservoir,0.0058
2047-11-20,Squaw Creek Reservoir,0.0057
2047-11-21,Squaw Creek Reservoir,0.0056
2047-11-22,Squaw Creek Reservoir,0.0056
2047-11-23,Squaw Creek Reservoir,0.0056
2047-11-24,Squaw Creek Reservoir,0.0056
2047-11-25,Squaw Creek Reservoir,0.0056
2047-11-26,Squaw Creek Reservoir,0.0054
2047-11-27,Squaw Creek Reservoir,0.0054
2047-11-28,Squaw Creek Reservoir,0.0054
2047-11-29,Squaw Creek Reservoir,0.0053
2047-11-30,Squaw Creek Reservoir,0.0053
2047-12-01,Squaw Creek Reservoir,0.0053
2047-12-02,Squaw Creek Reservoir,0.0052
2047-12-03,Squaw Creek Reservoir,0.0052
2047-12-04,Squaw Creek Reservoir,0.0052
2047-12-05,Squaw Creek Reservoir,0.0051
2047-12-06,Squaw Creek Reservoir,0.0051
2047-12-07,Squaw Creek Reservoir,0.0051
2047-12-08,Squaw Creek Reservoir,0.005
2047-12-09,Squaw Creek Reservoir,0.005
2047-12-10,Squaw Creek Reservoir,0.005
2047-12-11,Squaw Creek Reservoir,0.005
2047-12-12,Squaw Creek Reservoir,0.005
2047-12-13,Squaw Creek Reservoir,0.0049
2047-12-14,Squaw Creek Reservoir,0.0631
2047-12-15,Squaw Creek Reservoir,0.0051
2047-12-16,Squaw Creek Reservoir,0.0048
2047-12-17,Squaw Creek Reservoir,0.0048
2047-12-18,Squaw Creek Reservoir,0.0047
2047-12-19,Squaw Creek Reservoir,0.0047
2047-12-20,Squaw Creek Reservoir,0.0047
2047-12-21,Squaw Creek Reservoir,0.0046
2047-12-22,Squaw Creek Reservoir,0.0046
2047-12-23,Squaw Creek Reservoir,0.0059
2047-12-24,Squaw Creek Reservoir,0.0679
2047-12-25,Squaw Creek Reservoir,0.0058
2047-12-26,Squaw Creek Reservoir,0.0045
2047-12-27,Squaw Creek Reservoir,0.0134
2047-12-28,Squaw Creek Reservoir,0.0156
2047-12-29,Squaw Creek Reservoir,0.0045
2047-12-30,Squaw Creek Reservoir,0.0044
2047-12-31,Squaw Creek Reservoir,0.0044
2048-01-01,Squaw Creek Reservoir,0.0043
2048-01-02,Squaw Creek Reservoir,0.0043
2048-01-03,Squaw Creek Reservoir,0.0043
2048-01-04,Squaw Creek Reservoir,0.0042
2048-01-05,Squaw Creek Reservoir,0.0042
2048-01-06,Squaw Creek Reservoir,0.0042
2048-01-07,Squaw Creek Reservoir,0.0042
2048-01-08,Squaw Creek Reservoir,0.0042
2048-01-09,Squaw Creek Reservoir,0.0041
2048-01-10,Squaw Creek Reservoir,0.0041
2048-01-11,Squaw Creek Reservoir,0.0041
2048-01-12,Squaw Creek Reservoir,0.0041
2048-01-13,Squaw Creek Reservoir,0.0067
2048-01-14,Squaw Creek Reservoir,0.005
2048-01-15,Squaw Creek Reservoir,0.0209
2048-01-16,Squaw Creek Reservoir,0.0099
2048-01-17,Squaw Creek Reservoir,0.0458
2048-01-18,Squaw Creek Reservoir,0.0401
2048-01-19,Squaw Creek Reservoir,0.0048
2048-01-20,Squaw Creek Reservoir,0.0249
2048-01-21,Squaw Creek Reservoir,0.0204
2048-01-22,Squaw Creek Reservoir,0.0038
2048-01-23,Squaw Creek Reservoir,0.0038
2048-01-24,Squaw Creek Reservoir,0.0038
2048-01-25,Squaw Creek Reservoir,0.0038
2048-01-26,Squaw Creek Reservoir,0.0038
2048-01-27,Squaw Creek Reservoir,0.0038
2048-01-28,Squaw Creek Reservoir,0.004
2048-01-29,Squaw Creek Reservoir,0.0073
2048-01-30,Squaw Creek Reservoir,0.0049
2048-01-31,Squaw Creek Reservoir,0.0041
2048-02-01,Squaw Creek Reservoir,0.0037
2048-02-02,Squaw Creek Reservoir,0.0037
2048-02-03,Squaw Creek Reservoir,0.0039
2048-02-04,Squaw Creek Reservoir,0.0038
2048-02-05,Squaw Creek Reservoir,0.0037
2048-02-06,Squaw Creek Reservoir,0.0038
2048-02-07,Squaw Creek Reservoir,0.0261
2048-02-08,Squaw Creek Reservoir,0.0037
2048-02-09,Squaw Creek Reservoir,0.0036
2048-02-10,Squaw Creek Reservoir,0.0036
2048-02-11,Squaw Creek Reservoir,0.0036
2048-02-12,Squaw Creek Reservoir,0.0036
2048-02-13,Squaw Creek Reservoir,0.0036
2048-02-14,Squaw Creek Reservoir,0.0036
2048-02-15,Squaw Creek Reservoir,0.0072
2048-02-16,Squaw Creek Reservoir,0.0036
2048-02-17,Squaw Creek Reservoir,0.0036
2048-02-18,Squaw Creek Reservoir,0.0035
2048-02-19,Squaw Creek Reservoir,0.0035
2048-02-20,Squaw Creek Reservoir,0.0035
2048-02-21,Squaw Creek Reservoir,0.006
2048-02-22,Squaw Creek Reservoir,0.037
2048-02-23,Squaw Creek Reservoir,0.0371
2048-02-24,Squaw Creek Reservoir,0.0045
2048-02-25,Squaw Creek Reservoir,0.0034
2048-02-26,Squaw Creek Reservoir,0.0034
2048-02-27,Squaw Creek Reservoir,0.0531
2048-02-28,Squaw Creek Reservoir,0.1005
2048-02-29,Squaw Creek Reservoir,0.1093
2048-03-01,Squaw Creek Reservoir,0.0035
2048-03-02,Squaw Creek Reservoir,0.0693
2048-03-03,Squaw Creek Reservoir,0.0553
2048-03-04,Squaw Creek Reservoir,0.0045
2048-03-05,Squaw Creek Reservoir,0.0042
2048-03-06,Squaw Creek Reservoir,0.0044
2048-03-07,Squaw Creek Reservoir,0.0045
2048-03-08,Squaw Creek Reservoir,0.0047
2048-03-09,Squaw Creek Reservoir,0.0048
2048-03-10,Squaw Creek Reservoir,0.0049
2048-03-11,Squaw Creek Reservoir,0.0079
2048-03-12,Squaw Creek Reservoir,0.0062
2048-03-13,Squaw Creek Reservoir,0.0068
2048-03-14,Squaw Creek Reservoir,0.0067
2048-03-15,Squaw Creek Reservoir,0.0067
2048-03-16,Squaw Creek Reservoir,0.0068
2048-03-17,Squaw Creek Reservoir,0.0065
2048-03-18,Squaw Creek Reservoir,0.0064
2048-03-19,Squaw Creek Reservoir,0.0064
2048-03-20,Squaw Creek Reservoir,0.0063
2048-03-21,Squaw Creek Reservoir,0.0062
2048-03-22,Squaw Creek Reservoir,0.0062
2048-03-23,Squaw Creek Reservoir,0.0063
2048-03-24,Squaw Creek Reservoir,0.0061
2048-03-25,Squaw Creek Reservoir,0.006
2048-03-26,Squaw Creek Reservoir,0.006
2048-03-27,Squaw Creek Reservoir,0.006
2048-03-28,Squaw Creek Reservoir,0.0059
2048-03-29,Squaw Creek Reservoir,0.0059
2048-03-30,Squaw Creek Reservoir,0.0058
2048-03-31,Squaw Creek Reservoir,0.0058
2048-04-01,Squaw Creek Reservoir,0.0058
2048-04-02,Squaw Creek Reservoir,0.0058
2048-04-03,Squaw Creek Reservoir,0.0057
2048-04-04,Squaw Creek Reservoir,0.0057
2048-04-05,Squaw Creek Reservoir,0.0064
2048-04-06,Squaw Creek Reservoir,0.008
2048-04-07,Squaw Creek Reservoir,0.0058
2048-04-08,Squaw Creek Reservoir,0.0056
2048-04-09,Squaw Creek Reservoir,0.0223
2048-04-10,Squaw Creek Reservoir,0.0057
2048-04-11,Squaw Creek Reservoir,0.0054
2048-04-12,Squaw Creek Reservoir,0.0054
2048-04-13,Squaw Creek Reservoir,0.0063
2048-04-14,Squaw Creek Reservoir,0.0671
2048-04-15,Squaw Creek Reservoir,0.0055
2048-04-16,Squaw Creek Reservoir,0.0054
2048-04-17,Squaw Creek Reservoir,0.0053
2048-04-18,Squaw Creek Reservoir,0.0053
2048-04-19,Squaw Creek Reservoir,0.0063
2048-04-20,Squaw Creek Reservoir,0.0072
2048-04-21,Squaw Creek Reservoir,0.0566
2048-04-22,Squaw Creek Reservoir,0.0054
2048-04-23,Squaw Creek Reservoir,0.0136
2048-04-24,Squaw Creek Reservoir,0.0062
2048-04-25,Squaw Creek Reservoir,0.0052
2048-04-26,Squaw Creek Reservoir,0.0052
2048-04-27,Squaw Creek Reservoir,0.01
2048-04-28,Squaw Creek Reservoir,0.0051
2048-04-29,Squaw Creek Reservoir,0.0051
2048-04-30,Squaw Creek Reservoir,0.0051
2048-05-01,Squaw Creek Reservoir,0.005
2048-05-02,Squaw Creek Reservoir,0.005
2048-05-03,Squaw Creek Reservoir,0.005
2048-05-04,Squaw Creek Reservoir,0.0052
2048-05-05,Squaw Creek Reservoir,0.0074
2048-05-06,Squaw Creek Reservoir,0.0291
2048-05-07,Squaw Creek Reservoir,0.0057
2048-05-08,Squaw Creek Reservoir,0.006
2048-05-09,Squaw Creek Reservoir,0.005
2048-05-10,Squaw Creek Reservoir,0.0048
2048-05-11,Squaw Creek Reservoir,0.0052
2048-05-12,Squaw Creek Reservoir,0.0048
2048-05-13,Squaw Creek Reservoir,0.0047
2048-05-14,Squaw Creek Reservoir,0.0052
2048-05-15,Squaw Creek Reservoir,0.0335
2048-05-16,Squaw Creek Reservoir,0.0047
2048-05-17,Squaw Creek Reservoir,0.0046
2048-05-18,Squaw Creek Reservoir,0.0046
2048-05-19,Squaw Creek Reservoir,0.0046
2048-05-20,Squaw Creek Reservoir,0.0047
2048-05-21,Squaw Creek Reservoir,0.0817
2048-05-22,Squaw Creek Reservoir,0.2414
2048-05-23,Squaw Creek Reservoir,0.3387
2048-05-24,Squaw Creek Reservoir,0.4432
2048-05-25,Squaw Creek Reservoir,0.2424
2048-05-26,Squaw Creek Reservoir,0.1266
2048-05-27,Squaw Creek Reservoir,0.0789
2048-05-28,Squaw Creek Reservoir,0.0621
2048-05-29,Squaw Creek Reservoir,0.047
2048-05-30,Squaw Creek Reservoir,0.0365
2048-05-31,Squaw Creek Reservoir,0.031
2048-06-01,Squaw Creek Reservoir,0.0282
2048-06-02,Squaw Creek Reservoir,0.025
2048-06-03,Squaw Creek Reservoir,0.022
2048-06-04,Squaw Creek Reservoir,0.0198
2048-06-05,Squaw Creek Reservoir,0.0178
2048-06-06,Squaw Creek Reservoir,0.0164
2048-06-07,Squaw Creek Reservoir,0.0153
2048-06-08,Squaw Creek Reservoir,0.0147
2048-06-09,Squaw Creek Reservoir,0.0141
2048-06-10,Squaw Creek Reservoir,0.0126
2048-06-11,Squaw Creek Reservoir,0.012
2048-06-12,Squaw Creek Reservoir,0.017
2048-06-13,Squaw Creek Reservoir,0.2162
2048-06-14,Squaw Creek Reservoir,0.0109
2048-06-15,Squaw Creek Reservoir,0.0109
2048-06-16,Squaw Creek Reservoir,0.0105
2048-06-17,Squaw Creek Reservoir,0.01
2048-06-18,Squaw Creek Reservoir,0.0096
2048-06-19,Squaw Creek Reservoir,0.0092
2048-06-20,Squaw Creek Reservoir,0.0089
2048-06-21,Squaw Creek Reservoir,0.0089
2048-06-22,Squaw Creek Reservoir,0.0804
2048-06-23,Squaw Creek Reservoir,0.0147
2048-06-24,Squaw Creek Reservoir,0.0113
2048-06-25,Squaw Creek Reservoir,0.0112
2048-06-26,Squaw Creek Reservoir,0.0103
2048-06-27,Squaw Creek Reservoir,0.0098
2048-06-28,Squaw Creek Reservoir,0.0094
2048-06-29,Squaw Creek Reservoir,0.0137
2048-06-30,Squaw Creek Reservoir,0.0438
2048-07-01,Squaw Creek Reservoir,0.0162
2048-07-02,Squaw Creek Reservoir,0.008
2048-07-03,Squaw Creek Reservoir,0.0078
2048-07-04,Squaw Creek Reservoir,0.0076
2048-07-05,Squaw Creek Reservoir,0.0074
2048-07-06,Squaw Creek Reservoir,0.0072
2048-07-07,Squaw Creek Reservoir,0.0071
2048-07-08,Squaw Creek Reservoir,0.0079
2048-07-09,Squaw Creek Reservoir,0.0083
2048-07-10,Squaw Creek Reservoir,0.0075
2048-07-11,Squaw Creek Reservoir,0.0066
2048-07-12,Squaw Creek Reservoir,0.0065
2048-07-13,Squaw Creek Reservoir,0.0064
2048-07-14,Squaw Creek Reservoir,0.0063
2048-07-15,Squaw Creek Reservoir,0.0065
2048-07-16,Squaw Creek Reservoir,0.0061
2048-07-17,Squaw Creek Reservoir,0.0061
2048-07-18,Squaw Creek Reservoir,0.006
2048-07-19,Squaw Creek Reservoir,0.0059
2048-07-20,Squaw Creek Reservoir,0.0058
2048-07-21,Squaw Creek Reservoir,0.0058
2048-07-22,Squaw Creek Reservoir,0.0058
2048-07-23,Squaw Creek Reservoir,0.0057
2048-07-24,Squaw Creek Reservoir,0.0056
2048-07-25,Squaw Creek Reservoir,0.0055
2048-07-26,Squaw Creek Reservoir,0.0055
2048-07-27,Squaw Creek Reservoir,0.0054
2048-07-28,Squaw Creek Reservoir,0.0054
2048-07-29,Squaw Creek Reservoir,0.0054
2048-07-30,Squaw Creek Reservoir,0.0053
2048-07-31,Squaw Creek Reservoir,0.0053
2048-08-01,Squaw Creek Reservoir,0.0053
2048-08-02,Squaw Creek Reservoir,0.0052
2048-08-03,Squaw Creek Reservoir,0.0052
2048-08-04,Squaw Creek Reservoir,0.0052
2048-08-05,Squaw Creek Reservoir,0.0052
2048-08-06,Squaw Creek Reservoir,0.0052
2048-08-07,Squaw Creek Reservoir,0.0051
2048-08-08,Squaw Creek Reservoir,0.0051
2048-08-09,Squaw Creek Reservoir,0.0051
2048-08-10,Squaw Creek Reservoir,0.0052
2048-08-11,Squaw Creek Reservoir,0.005
2048-08-12,Squaw Creek Reservoir,0.005
2048-08-13,Squaw Creek Reservoir,0.005
2048-08-14,Squaw Creek Reservoir,0.0049
2048-08-15,Squaw Creek Reservoir,0.0049
2048-08-16,Squaw Creek Reservoir,0.0049
2048-08-17,Squaw Creek Reservoir,0.0049
2048-08-18,Squaw Creek Reservoir,0.0048
2048-08-19,Squaw Creek Reservoir,0.0048
2048-08-20,Squaw Creek Reservoir,0.0052
2048-08-21,Squaw Creek Reservoir,0.0056
2048-08-22,Squaw Creek Reservoir,0.0073
2048-08-23,Squaw Creek Reservoir,0.0049
2048-08-24,Squaw Creek Reservoir,0.0052
2048-08-25,Squaw Creek Reservoir,0.0054
2048-08-26,Squaw Creek Reservoir,0.0047
2048-08-27,Squaw Creek Reservoir,0.0046
2048-08-28,Squaw Creek Reservoir,0.0046
2048-08-29,Squaw Creek Reservoir,0.007
2048-08-30,Squaw Creek Reservoir,0.0045
2048-08-31,Squaw Creek Reservoir,0.0045
2048-09-01,Squaw Creek Reservoir,0.0045
2048-09-02,Squaw Creek Reservoir,0.0044
2048-09-03,Squaw Creek Reservoir,0.0044
2048-09-04,Squaw Creek Reservoir,0.0228
2048-09-05,Squaw Creek Reservoir,0.012
2048-09-06,Squaw Creek Reservoir,0.0044
2048-09-07,Squaw Creek Reservoir,0.0044
2048-09-08,Squaw Creek Reservoir,0.005
2048-09-09,Squaw Creek Reservoir,0.0043
2048-09-10,Squaw Creek Reservoir,0.005
2048-09-11,Squaw Creek Reservoir,0.005
2048-09-12,Squaw Creek Reservoir,0.0051
2048-09-13,Squaw Creek Reservoir,0.0092
2048-09-14,Squaw Creek Reservoir,0.0051
2048-09-15,Squaw Creek Reservoir,0.0063
2048-09-16,Squaw Creek Reservoir,0.0042
2048-09-17,Squaw Creek Reservoir,0.0041
2048-09-18,Squaw Creek Reservoir,0.004
2048-09-19,Squaw Creek Reservoir,0.004
2048-09-20,Squaw Creek Reservoir,0.004
2048-09-21,Squaw Creek Reservoir,0.004
2048-09-22,Squaw Creek Reservoir,0.0039
2048-09-23,Squaw Creek Reservoir,0.0039
2048-09-24,Squaw Creek Reservoir,0.0039
2048-09-25,Squaw Creek Reservoir,0.0038
2048-09-26,Squaw Creek Reservoir,0.0038
2048-09-27,Squaw Creek Reservoir,0.0232
2048-09-28,Squaw Creek Reservoir,0.0051
2048-09-29,Squaw Creek Reservoir,0.0038
2048-09-30,Squaw Creek Reservoir,0.0037
2048-10-01,Squaw Creek Reservoir,0.0037
2048-10-02,Squaw Creek Reservoir,0.007
2048-10-03,Squaw Creek Reservoir,0.0038
2048-10-04,Squaw Creek Reservoir,0.0036
2048-10-05,Squaw Creek Reservoir,0.0036
2048-10-06,Squaw Creek Reservoir,0.0042
2048-10-07,Squaw Creek Reservoir,0.0036
2048-10-08,Squaw Creek Reservoir,0.0035
2048-10-09,Squaw Creek Reservoir,0.0035
2048-10-10,Squaw Creek Reservoir,0.0035
2048-10-11,Squaw Creek Reservoir,0.0035
2048-10-12,Squaw Creek Reservoir,0.0035
2048-10-13,Squaw Creek Reservoir,0.0034
2048-10-14,Squaw Creek Reservoir,0.0034
2048-10-15,Squaw Creek Reservoir,0.0034
2048-10-16,Squaw Creek Reservoir,0.0034
2048-10-17,Squaw Creek Reservoir,0.0034
2048-10-18,Squaw Creek Reservoir,0.0034
2048-10-19,Squaw Creek Reservoir,0.0033
2048-10-20,Squaw Creek Reservoir,0.0033
2048-10-21,Squaw Creek Reservoir,0.0033
2048-10-22,Squaw Creek Reservoir,0.0032
2048-10-23,Squaw Creek Reservoir,0.0564
2048-10-24,Squaw Creek Reservoir,0.0036
2048-10-25,Squaw Creek Reservoir,0.0032
2048-10-26,Squaw Creek Reservoir,0.0032
2048-10-27,Squaw Creek Reservoir,0.0031
2048-10-28,Squaw Creek Reservoir,0.0031
2048-10-29,Squaw Creek Reservoir,0.0034
2048-10-30,Squaw Creek Reservoir,0.1352
2048-10-31,Squaw Creek Reservoir,0.0056
2048-11-01,Squaw Creek Reservoir,0.0031
2048-11-02,Squaw Creek Reservoir,0.0031
2048-11-03,Squaw Creek Reservoir,0.0031
2048-11-04,Squaw Creek Reservoir,0.0031
2048-11-05,Squaw Creek Reservoir,0.0031
2048-11-06,Squaw Creek Reservoir,0.003
2048-11-07,Squaw Creek Reservoir,0.003
2048-11-08,Squaw Creek Reservoir,0.003
2048-11-09,Squaw Creek Reservoir,0.003
2048-11-10,Squaw Creek Reservoir,0.003
2048-11-11,Squaw Creek Reservoir,0.003
2048-11-12,Squaw Creek Reservoir,0.003
2048-11-13,Squaw Creek Reservoir,0.003
2048-11-14,Squaw Creek Reservoir,0.003
2048-11-15,Squaw Creek Reservoir,0.003
2048-11-16,Squaw Creek Reservoir,0.02
2048-11-17,Squaw Creek Reservoir,0.0192
2048-11-18,Squaw Creek Reservoir,0.0345
2048-11-19,Squaw Creek Reservoir,0.007
2048-11-20,Squaw Creek Reservoir,0.0063
2048-11-21,Squaw Creek Reservoir,0.0029
2048-11-22,Squaw Creek Reservoir,0.0029
2048-11-23,Squaw Creek Reservoir,0.003
2048-11-24,Squaw Creek Reservoir,0.0031
2048-11-25,Squaw Creek Reservoir,0.003
2048-11-26,Squaw Creek Reservoir,0.0031
2048-11-27,Squaw Creek Reservoir,0.0029
2048-11-28,Squaw Creek Reservoir,0.0029
2048-11-29,Squaw Creek Reservoir,0.0029
2048-11-30,Squaw Creek Reservoir,0.0029
2048-12-01,Squaw Creek Reservoir,0.003
2048-12-02,Squaw Creek Reservoir,0.003
2048-12-03,Squaw Creek Reservoir,0.0035
2048-12-04,Squaw Creek Reservoir,0.0036
2048-12-05,Squaw Creek Reservoir,0.0033
2048-12-06,Squaw Creek Reservoir,0.0028
2048-12-07,Squaw Creek Reservoir,0.0028
2048-12-08,Squaw Creek Reservoir,0.0028
2048-12-09,Squaw Creek Reservoir,0.0027
2048-12-10,Squaw Creek Reservoir,0.0027
2048-12-11,Squaw Creek Reservoir,0.0027
2048-12-12,Squaw Creek Reservoir,0.0027
2048-12-13,Squaw Creek Reservoir,0.0027
2048-12-14,Squaw Creek Reservoir,0.0027
2048-12-15,Squaw Creek Reservoir,0.0027
2048-12-16,Squaw Creek Reservoir,0.0027
2048-12-17,Squaw Creek Reservoir,0.0026
2048-12-18,Squaw Creek Reservoir,0.0029
2048-12-19,Squaw Creek Reservoir,0.0026
2048-12-20,Squaw Creek Reservoir,0.0026
2048-12-21,Squaw Creek Reservoir,0.0026
2048-12-22,Squaw Creek Reservoir,0.0026
2048-12-23,Squaw Creek Reservoir,0.0026
2048-12-24,Squaw Creek Reservoir,0.0026
2048-12-25,Squaw Creek Reservoir,0.0227
2048-12-26,Squaw Creek Reservoir,0.0026
2048-12-27,Squaw Creek Reservoir,0.0026
2048-12-28,Squaw Creek Reservoir,0.0025
2048-12-29,Squaw Creek Reservoir,0.0025
2048-12-30,Squaw Creek Reservoir,0.0025
2048-12-31,Squaw Creek Reservoir,0.0025
2049-01-01,Squaw Creek Reservoir,0.0025
2049-01-02,Squaw Creek Reservoir,0.0025
2049-01-03,Squaw Creek Reservoir,0.0025
2049-01-04,Squaw Creek Reservoir,0.0024
2049-01-05,Squaw Creek Reservoir,0.0024
2049-01-06,Squaw Creek Reservoir,0.0024
2049-01-07,Squaw Creek Reservoir,0.0024
2049-01-08,Squaw Creek Reservoir,0.0026
2049-01-09,Squaw Creek Reservoir,0.0056
2049-01-10,Squaw Creek Reservoir,0.0098
2049-01-11,Squaw Creek Reservoir,0.0024
2049-01-12,Squaw Creek Reservoir,0.0057
2049-01-13,Squaw Creek Reservoir,0.0024
2049-01-14,Squaw Creek Reservoir,0.0023
2049-01-15,Squaw Creek Reservoir,0.0023
2049-01-16,Squaw Creek Reservoir,0.0026
2049-01-17,Squaw Creek Reservoir,0.0023
2049-01-18,Squaw Creek Reservoir,0.0023
2049-01-19,Squaw Creek Reservoir,0.0023
2049-01-20,Squaw Creek Reservoir,0.0023
2049-01-21,Squaw Creek Reservoir,0.0068
2049-01-22,Squaw Creek Reservoir,0.0083
2049-01-23,Squaw Creek Reservoir,0.0022
2049-01-24,Squaw Creek Reservoir,0.003
2049-01-25,Squaw Creek Reservoir,0.0023
2049-01-26,Squaw Creek Reservoir,0.0022
2049-01-27,Squaw Creek Reservoir,0.0022
2049-01-28,Squaw Creek Reservoir,0.0022
2049-01-29,Squaw Creek Reservoir,0.0022
2049-01-30,Squaw Creek Reservoir,0.0022
2049-01-31,Squaw Creek Reservoir,0.0022
2049-02-01,Squaw Creek Reservoir,0.0021
2049-02-02,Squaw Creek Reservoir,0.0022
2049-02-03,Squaw Creek Reservoir,0.0021
2049-02-04,Squaw Creek Reservoir,0.0021
2049-02-05,Squaw Creek Reservoir,0.0021
2049-02-06,Squaw Creek Reservoir,0.0021
2049-02-07,Squaw Creek Reservoir,0.0021
2049-02-08,Squaw Creek Reservoir,0.0021
2049-02-09,Squaw Creek Reservoir,0.0021
2049-02-10,Squaw Creek Reservoir,0.002
2049-02-11,Squaw Creek Reservoir,0.0032
2049-02-12,Squaw Creek Reservoir,0.2434
2049-02-13,Squaw Creek Reservoir,0.1569
2049-02-14,Squaw Creek Reservoir,0.0026
2049-02-15,Squaw Creek Reservoir,0.0029
2049-02-16,Squaw Creek Reservoir,0.0145
2049-02-17,Squaw Creek Reservoir,0.0037
2049-02-18,Squaw Creek Reservoir,0.0033
2049-02-19,Squaw Creek Reservoir,0.0171
2049-02-20,Squaw Creek Reservoir,0.0323
2049-02-21,Squaw Creek Reservoir,0.0087
2049-02-22,Squaw Creek Reservoir,0.0048
2049-02-23,Squaw Creek Reservoir,0.0041
2049-02-24,Squaw Creek Reservoir,0.0043
2049-02-25,Squaw Creek Reservoir,0.0057
2049-02-26,Squaw Creek Reservoir,0.0069
2049-02-27,Squaw Creek Reservoir,0.0069
2049-02-28,Squaw Creek Reservoir,0.0068
2049-03-01,Squaw Creek Reservoir,0.0066
2049-03-02,Squaw Creek Reservoir,0.0065
2049-03-03,Squaw Creek Reservoir,0.0064
2049-03-04,Squaw Creek Reservoir,0.0063
2049-03-05,Squaw Creek Reservoir,0.0062
2049-03-06,Squaw Creek Reservoir,0.0062
2049-03-07,Squaw Creek Reservoir,0.006
2049-03-08,Squaw Creek Reservoir,0.006
2049-03-09,Squaw Creek Reservoir,0.0097
2049-03-10,Squaw Creek Reservoir,0.0062
2049-03-11,Squaw Creek Reservoir,0.0061
2049-03-12,Squaw Creek Reservoir,0.0826
2049-03-13,Squaw Creek Reservoir,0.0062
2049-03-14,Squaw Creek Reservoir,0.0058
2049-03-15,Squaw Creek Reservoir,0.0057
2049-03-16,Squaw Creek Reservoir,0.0056
2049-03-17,Squaw Creek Reservoir,0.0055
2049-03-18,Squaw Creek Reservoir,0.0054
2049-03-19,Squaw Creek Reservoir,0.0053
2049-03-20,Squaw Creek Reservoir,0.1084
2049-03-21,Squaw Creek Reservoir,0.0427
2049-03-22,Squaw Creek Reservoir,0.0053
2049-03-23,Squaw Creek Reservoir,0.0054
2049-03-24,Squaw Creek Reservoir,0.0058
2049-03-25,Squaw Creek Reservoir,0.0053
2049-03-26,Squaw Creek Reservoir,0.0052
2049-03-27,Squaw Creek Reservoir,0.0052
2049-03-28,Squaw Creek Reservoir,0.0052
2049-03-29,Squaw Creek Reservoir,0.0517
2049-03-30,Squaw Creek Reservoir,0.0056
2049-03-31,Squaw Creek Reservoir,0.0049
2049-04-01,Squaw Creek Reservoir,0.0097
2049-04-02,Squaw Creek Reservoir,0.1553
2049-04-03,Squaw Creek Reservoir,0.0841
2049-04-04,Squaw Creek Reservoir,0.0831
2049-04-05,Squaw Creek Reservoir,0.0171
2049-04-06,Squaw Creek Reservoir,0.1412
2049-04-07,Squaw Creek Reservoir,0.1151
2049-04-08,Squaw Creek Reservoir,0.0745
2049-04-09,Squaw Creek Reservoir,0.0984
2049-04-10,Squaw Creek Reservoir,0.047
2049-04-11,Squaw Creek Reservoir,0.0396
2049-04-12,Squaw Creek Reservoir,0.0338
2049-04-13,Squaw Creek Reservoir,0.0283
2049-04-14,Squaw Creek Reservoir,0.025
2049-04-15,Squaw Creek Reservoir,0.022
2049-04-16,Squaw Creek Reservoir,0.0198
2049-04-17,Squaw Creek Reservoir,0.0181
2049-04-18,Squaw Creek Reservoir,0.1246
2049-04-19,Squaw Creek Reservoir,0.0785
2049-04-20,Squaw Creek Reservoir,0.016
2049-04-21,Squaw Creek Reservoir,0.0156
2049-04-22,Squaw Creek Reservoir,0.0146
2049-04-23,Squaw Creek Reservoir,0.0136
2049-04-24,Squaw Creek Reservoir,0.0128
2049-04-25,Squaw Creek Reservoir,0.0122
2049-04-26,Squaw Creek Reservoir,0.0115
2049-04-27,Squaw Creek Reservoir,0.3215
2049-04-28,Squaw Creek Reservoir,0.0267
2049-04-29,Squaw Creek Reservoir,0.0323
2049-04-30,Squaw Creek Reservoir,0.0373
2049-05-01,Squaw Creek Reservoir,0.0203
2049-05-02,Squaw Creek Reservoir,0.0183
2049-05-03,Squaw Creek Reservoir,0.0167
2049-05-04,Squaw Creek Reservoir,0.0155
2049-05-05,Squaw Creek Reservoir,0.0428
2049-05-06,Squaw Creek Reservoir,0.2025
2049-05-07,Squaw Creek Reservoir,0.015
2049-05-08,Squaw Creek Reservoir,0.0248
2049-05-09,Squaw Creek Reservoir,0.0155
2049-05-10,Squaw Creek Reservoir,0.0146
2049-05-11,Squaw Creek Reservoir,0.013
2049-05-12,Squaw Creek Reservoir,0.0125
2049-05-13,Squaw Creek Reservoir,0.012
2049-05-14,Squaw Creek Reservoir,0.0116
2049-05-15,Squaw Creek Reservoir,0.0113
2049-05-16,Squaw Creek Reservoir,0.0108
2049-05-17,Squaw Creek Reservoir,0.0104
2049-05-18,Squaw Creek Reservoir,0.0102
2049-05-19,Squaw Creek Reservoir,0.0598
2049-05-20,Squaw Creek Reservoir,0.0095
2049-05-21,Squaw Creek Reservoir,0.0092
2049-05-22,Squaw Creek Reservoir,0.009
2049-05-23,Squaw Creek Reservoir,0.0088
2049-05-24,Squaw Creek Reservoir,0.0086
2049-05-25,Squaw Creek Reservoir,0.0084
2049-05-26,Squaw Creek Reservoir,0.0082
2049-05-27,Squaw Creek Reservoir,0.008
2049-05-28,Squaw Creek Reservoir,0.0079
2049-05-29,Squaw Creek Reservoir,0.0077
2049-05-30,Squaw Creek Reservoir,0.0076
2049-05-31,Squaw Creek Reservoir,0.0075
2049-06-01,Squaw Creek Reservoir,0.0074
2049-06-02,Squaw Creek Reservoir,0.0074
2049-06-03,Squaw Creek Reservoir,0.0076
2049-06-04,Squaw Creek Reservoir,0.0073
2049-06-05,Squaw Creek Reservoir,0.0072
2049-06-06,Squaw Creek Reservoir,0.0072
2049-06-07,Squaw Creek Reservoir,0.0071
2049-06-08,Squaw Creek Reservoir,0.0071
2049-06-09,Squaw Creek Reservoir,0.0071
2049-06-10,Squaw Creek Reservoir,0.007
2049-06-11,Squaw Creek Reservoir,0.007
2049-06-12,Squaw Creek Reservoir,0.0069
2049-06-13,Squaw Creek Reservoir,0.0069
2049-06-14,Squaw Creek Reservoir,0.0069
2049-06-15,Squaw Creek Reservoir,0.0069
2049-06-16,Squaw Creek Reservoir,0.0068
2049-06-17,Squaw Creek Reservoir,0.0068
2049-06-18,Squaw Creek Reservoir,0.0078
2049-06-19,Squaw Creek Reservoir,0.1655
2049-06-20,Squaw Creek Reservoir,0.0086
2049-06-21,Squaw Creek Reservoir,0.0067
2049-06-22,Squaw Creek Reservoir,0.0067
2049-06-23,Squaw Creek Reservoir,0.0068
2049-06-24,Squaw Creek Reservoir,0.0066
2049-06-25,Squaw Creek Reservoir,0.1504
2049-06-26,Squaw Creek Reservoir,0.0069
2049-06-27,Squaw Creek Reservoir,0.0469
2049-06-28,Squaw Creek Reservoir,0.0177
2049-06-29,Squaw Creek Reservoir,0.0589
2049-06-30,Squaw Creek Reservoir,0.0111
2049-07-01,Squaw Creek Reservoir,0.014
2049-07-02,Squaw Creek Reservoir,0.0136
2049-07-03,Squaw Creek Reservoir,0.0126
2049-07-04,Squaw Creek Reservoir,0.0119
2049-07-05,Squaw Creek Reservoir,0.0114
2049-07-06,Squaw Creek Reservoir,0.011
2049-07-07,Squaw Creek Reservoir,0.0124
2049-07-08,Squaw Creek Reservoir,0.0105
2049-07-09,Squaw Creek Reservoir,0.0105
2049-07-10,Squaw Creek Reservoir,0.0098
2049-07-11,Squaw Creek Reservoir,0.0095
2049-07-12,Squaw Creek Reservoir,0.0092
2049-07-13,Squaw Creek Reservoir,0.0092
2049-07-14,Squaw Creek Reservoir,0.0086
2049-07-15,Squaw Creek Reservoir,0.0084
2049-07-16,Squaw Creek Reservoir,0.0137
2049-07-17,Squaw Creek Reservoir,0.0301
2049-07-18,Squaw Creek Reservoir,0.0088
2049-07-19,Squaw Creek Reservoir,0.0078
2049-07-20,Squaw Creek Reservoir,0.0074
2049-07-21,Squaw Creek Reservoir,0.0072
2049-07-22,Squaw Creek Reservoir,0.0071
2049-07-23,Squaw Creek Reservoir,0.007
2049-07-24,Squaw Creek Reservoir,0.0068
2049-07-25,Squaw Creek Reservoir,0.0073
2049-07-26,Squaw Creek Reservoir,0.0072
2049-07-27,Squaw Creek Reservoir,0.0696
2049-07-28,Squaw Creek Reservoir,0.0966
2049-07-29,Squaw Creek Reservoir,0.0173
2049-07-30,Squaw Creek Reservoir,0.0082
2049-07-31,Squaw Creek Reservoir,0.0084
2049-08-01,Squaw Creek Reservoir,0.0084
2049-08-02,Squaw Creek Reservoir,0.0084
2049-08-03,Squaw Creek Reservoir,0.01
2049-08-04,Squaw Creek Reservoir,0.2914
2049-08-05,Squaw Creek Reservoir,0.2399
2049-08-06,Squaw Creek Reservoir,0.1352
2049-08-07,Squaw Creek Reservoir,0.0868
2049-08-08,Squaw Creek Reservoir,0.0609
2049-08-09,Squaw Creek Reservoir,0.0543
2049-08-10,Squaw Creek Reservoir,0.0387
2049-08-11,Squaw Creek Reservoir,0.0332
2049-08-12,Squaw Creek Reservoir,0.0301
2049-08-13,Squaw Creek Reservoir,0.0292
2049-08-14,Squaw Creek Reservoir,0.0266
2049-08-15,Squaw Creek Reservoir,0.022
2049-08-16,Squaw Creek Reservoir,0.0416
2049-08-17,Squaw Creek Reservoir,0.0313
2049-08-18,Squaw Creek Reservoir,0.0161
2049-08-19,Squaw Creek Reservoir,0.0152
2049-08-20,Squaw Creek Reservoir,0.0143
2049-08-21,Squaw Creek Reservoir,0.0135
2049-08-22,Squaw Creek Reservoir,0.0127
2049-08-23,Squaw Creek Reservoir,0.0121
2049-08-24,Squaw Creek Reservoir,0.0115
2049-08-25,Squaw Creek Reservoir,0.0267
2049-08-26,Squaw Creek Reservoir,0.0122
2049-08-27,Squaw Creek Reservoir,0.0177
2049-08-28,Squaw Creek Reservoir,0.0221
2049-08-29,Squaw Creek Reservoir,0.0455
2049-08-30,Squaw Creek Reservoir,0.0129
2049-08-31,Squaw Creek Reservoir,0.0092
2049-09-01,Squaw Creek Reservoir,0.01
2049-09-02,Squaw Creek Reservoir,0.0146
2049-09-03,Squaw Creek Reservoir,0.0084
2049-09-04,Squaw Creek Reservoir,0.0478
2049-09-05,Squaw Creek Reservoir,0.0082
2049-09-06,Squaw Creek Reservoir,0.0081
2049-09-07,Squaw Creek Reservoir,0.008
2049-09-08,Squaw Creek Reservoir,0.0078
2049-09-09,Squaw Creek Reservoir,0.0076
2049-09-10,Squaw Creek Reservoir,0.0074
2049-09-11,Squaw Creek Reservoir,0.0202
2049-09-12,Squaw Creek Reservoir,0.0884
2049-09-13,Squaw Creek Reservoir,0.0113
2049-09-14,Squaw Creek Reservoir,0.0082
2049-09-15,Squaw Creek Reservoir,0.0084
2049-09-16,Squaw Creek Reservoir,0.0082
2049-09-17,Squaw Creek Reservoir,0.008
2049-09-18,Squaw Creek Reservoir,0.0078
2049-09-19,Squaw Creek Reservoir,0.0075
2049-09-20,Squaw Creek Reservoir,0.0073
2049-09-21,Squaw Creek Reservoir,0.0915
2049-09-22,Squaw Creek Reservoir,0.0242
2049-09-23,Squaw Creek Reservoir,0.0076
2049-09-24,Squaw Creek Reservoir,0.0078
2049-09-25,Squaw Creek Reservoir,0.0078
2049-09-26,Squaw Creek Reservoir,0.0077
2049-09-27,Squaw Creek Reservoir,0.008
2049-09-28,Squaw Creek Reservoir,0.0087
2049-09-29,Squaw Creek Reservoir,0.007
2049-09-30,Squaw Creek Reservoir,0.0069
2049-10-01,Squaw Creek Reservoir,0.0067
2049-10-02,Squaw Creek Reservoir,0.0066
2049-10-03,Squaw Creek Reservoir,0.0064
2049-10-04,Squaw Creek Reservoir,0.0064
2049-10-05,Squaw Creek Reservoir,0.0063
2049-10-06,Squaw Creek Reservoir,0.0062
2049-10-07,Squaw Creek Reservoir,0.0062
2049-10-08,Squaw Creek Reservoir,0.0061
2049-10-09,Squaw Creek Reservoir,0.0061
2049-10-10,Squaw Creek Reservoir,0.0726
2049-10-11,Squaw Creek Reservoir,0.01
2049-10-12,Squaw Creek Reservoir,0.006
2049-10-13,Squaw Creek Reservoir,0.0059
2049-10-14,Squaw Creek Reservoir,0.0059
2049-10-15,Squaw Creek Reservoir,0.0058
2049-10-16,Squaw Creek Reservoir,0.0058
2049-10-17,Squaw Creek Reservoir,0.0058
2049-10-18,Squaw Creek Reservoir,0.0058
2049-10-19,Squaw Creek Reservoir,0.0058
2049-10-20,Squaw Creek Reservoir,0.0058
2049-10-21,Squaw Creek Reservoir,0.0057
2049-10-22,Squaw Creek Reservoir,0.0057
2049-10-23,Squaw Creek Reservoir,0.0057
2049-10-24,Squaw Creek Reservoir,0.0056
2049-10-25,Squaw Creek Reservoir,0.0056
2049-10-26,Squaw Creek Reservoir,0.0056
2049-10-27,Squaw Creek Reservoir,0.0056
2049-10-28,Squaw Creek Reservoir,0.0056
2049-10-29,Squaw Creek Reservoir,0.0055
2049-10-30,Squaw Creek Reservoir,0.0055
2049-10-31,Squaw Creek Reservoir,0.0055
2049-11-01,Squaw Creek Reservoir,0.0054
2049-11-02,Squaw Creek Reservoir,0.0054
2049-11-03,Squaw Creek Reservoir,0.0054
2049-11-04,Squaw Creek Reservoir,0.0054
2049-11-05,Squaw Creek Reservoir,0.0053
2049-11-06,Squaw Creek Reservoir,0.0053
2049-11-07,Squaw Creek Reservoir,0.0053
2049-11-08,Squaw Creek Reservoir,0.0053
2049-11-09,Squaw Creek Reservoir,0.0052
2049-11-10,Squaw Creek Reservoir,0.0052
2049-11-11,Squaw Creek Reservoir,0.0052
2049-11-12,Squaw Creek Reservoir,0.0089
2049-11-13,Squaw Creek Reservoir,0.0101
2049-11-14,Squaw Creek Reservoir,0.0051
2049-11-15,Squaw Creek Reservoir,0.0051
2049-11-16,Squaw Creek Reservoir,0.005
2049-11-17,Squaw Creek Reservoir,0.005
2049-11-18,Squaw Creek Reservoir,0.005
2049-11-19,Squaw Creek Reservoir,0.005
2049-11-20,Squaw Creek Reservoir,0.0049
2049-11-21,Squaw Creek Reservoir,0.0049
2049-11-22,Squaw Creek Reservoir,0.0049
2049-11-23,Squaw Creek Reservoir,0.0048
2049-11-24,Squaw Creek Reservoir,0.0223
2049-11-25,Squaw Creek Reservoir,0.0048
2049-11-26,Squaw Creek Reservoir,0.0048
2049-11-27,Squaw Creek Reservoir,0.0047
2049-11-28,Squaw Creek Reservoir,0.0047
2049-11-29,Squaw Creek Reservoir,0.0047
2049-11-30,Squaw Creek Reservoir,0.0046
2049-12-01,Squaw Creek Reservoir,0.0046
2049-12-02,Squaw Creek Reservoir,0.0219
2049-12-03,Squaw Creek Reservoir,0.0343
2049-12-04,Squaw Creek Reservoir,0.0045
2049-12-05,Squaw Creek Reservoir,0.0045
2049-12-06,Squaw Creek Reservoir,0.0045
2049-12-07,Squaw Creek Reservoir,0.0044
2049-12-08,Squaw Creek Reservoir,0.0044
2049-12-09,Squaw Creek Reservoir,0.0044
2049-12-10,Squaw Creek Reservoir,0.0044
2049-12-11,Squaw Creek Reservoir,0.0043
2049-12-12,Squaw Creek Reservoir,0.0043
2049-12-13,Squaw Creek Reservoir,0.0043
2049-12-14,Squaw Creek Reservoir,0.0043
2049-12-15,Squaw Creek Reservoir,0.0042
2049-12-16,Squaw Creek Reservoir,0.0042
2049-12-17,Squaw Creek Reservoir,0.0042
2049-12-18,Squaw Creek Reservoir,0.0042
2049-12-19,Squaw Creek Reservoir,0.0068
2049-12-20,Squaw Creek Reservoir,0.0056
2049-12-21,Squaw Creek Reservoir,0.0047
2049-12-22,Squaw Creek Reservoir,0.0042
2049-12-23,Squaw Creek Reservoir,0.004
2049-12-24,Squaw Creek Reservoir,0.004
2049-12-25,Squaw Creek Reservoir,0.004
2049-12-26,Squaw Creek Reservoir,0.004
2049-12-27,Squaw Creek Reservoir,0.0512
2049-12-28,Squaw Creek Reservoir,0.0054
2049-12-29,Squaw Creek Reservoir,0.0486
2049-12-30,Squaw Creek Reservoir,0.0071
2049-12-31,Squaw Creek Reservoir,0.0093
