#constants
af_to_Mm3 <- 0.00123348
US_gallon_to_Mm3 <- 0.00000000378541
